-3.183021392664058674e-02,-6.526163448539952505e-02,-3.307700244359013803e-02,4.209313782518229186e-01,9.372294472015828271e-02,-2.278258065183979275e-01,2.668997478107606458e-01,7.757524902123417998e-02,-1.404239390571439261e-01,-1.760645352935471253e-01
2.831725336292237327e-01,5.432209136357262630e-02,-2.076808063607711863e-01,-9.831700238572884179e-03,2.879659052848306255e-01,1.911321504264490712e-01,-2.929475435411748596e-01,2.463769572357053517e-01,-1.591506484618654127e-01,-1.979491904935515578e-01
-3.051331086866073683e-01,-7.799692176531085319e-02,-2.532097780025648892e-01,1.491072354987274251e-01,2.942505674558663631e-01,4.119262147116814488e-01,2.532689279709151586e-01,5.141795521100923048e-03,-2.493374767446640550e-01,1.125610500461337732e-01
1.379670937220744686e-01,7.661349807615767948e-02,-1.743511756644741950e-01,1.020780521523024093e-01,1.774636727263567693e-01,1.845358343406149348e-01,-1.709335477442043005e-01,5.835180599399702323e-03,7.208866505639818616e-03,-4.182125239853918819e-01
7.822027366550943217e-02,-1.787764607335889655e-01,-3.461246315644467969e-02,2.090730498237543256e-01,2.639145954924200788e-01,-2.892188311624029062e-02,1.780280061888977750e-01,1.456604938693155937e-01,-4.200209148447885121e-02,-1.611289322591081541e-01
1.592248507040888161e-01,-3.106505229808960711e-01,1.392275577733202985e-01,3.114624262384262932e-01,-4.277557631698601930e-04,-1.294686891283068630e-01,1.036227210829496481e-01,-3.684357772982292945e-01,-4.239134160830284048e-01,-1.981423323845952003e-02
-1.396756094592702113e-01,-3.847317250465048799e-01,-2.481554975474734581e-01,8.391506183395947005e-02,9.327132359786902138e-02,-3.722672468028787041e-01,1.787660333210926988e-01,3.491636156859087570e-01,-2.467951414405753774e-01,3.137726405442628486e-02
1.183916784771556763e-01,-1.897672378295849893e-01,-2.644627442764613812e-01,3.551082670678235020e-02,1.108945857627663539e-01,-6.688251675134297691e-02,-4.572065754518701147e-02,1.897937226382474252e-01,1.461922520369816902e-01,1.935365916016583421e-01
1.148929505333649292e-01,-1.970518602641957995e-01,-1.023885462672815688e-01,1.034082135926919915e-01,1.478609934992662356e-01,3.456900473389402095e-01,-3.665822836461199441e-02,5.413953430507929127e-02,-1.331835241939684222e-01,4.113338392993807768e-01
7.023684632387433568e-02,-2.084724799980895993e-01,-1.556908953447411204e-01,-1.046788521877672906e-01,-8.254981542010855766e-02,-1.263065861917237187e-01,-8.267192217490552941e-02,-2.032031268031581628e-01,-4.365517549533207142e-01,1.583095672832396661e-01
-2.340284388215226052e-01,-1.153939873301371988e-01,-2.155818583770917618e-01,-1.905737954454005678e-01,-9.124637653039772978e-02,-2.069788509967017687e-01,-1.503069644298098695e-01,-1.689438466310933251e-01,-3.612457645541435058e-02,7.362903043597839037e-02
-5.017284792984585441e-03,-1.514388205235334683e-01,7.050866369380233423e-02,1.420087217043136674e-01,2.129109527912682875e-01,8.865663029838616316e-02,-2.059590659781374566e-01,-4.629858813414266389e-02,1.817890471161306976e-01,2.955012991577254944e-01
5.120781920965902789e-02,-2.373307810895814163e-01,-2.081809070943759984e-02,-1.637199308703609149e-02,1.383083658686900808e-01,-2.519988494728758743e-01,-4.693794004862371361e-02,-1.417637780637382230e-02,2.513847136369409818e-01,2.374602494738595471e-01
-1.370457833004647408e-01,-2.757580874140602711e-01,-1.565948372509439468e-01,-8.499959603977638722e-02,-8.213689346121572088e-02,-6.848837612310804124e-02,-2.389029563001811643e-02,3.481518244943441337e-02,-2.689367064853344647e-01,-3.178635806473644743e-01
-1.184929043131078413e-01,2.564853380974428942e-01,1.986544641719106274e-01,3.331838121467679825e-02,1.720868669362737580e-01,2.692739527924814524e-01,2.641149313341577612e-02,-1.956608913561188046e-01,1.101052150115738176e-01,1.315703427353451527e-01
-1.582293170756412515e-01,-3.758023024739763351e-01,8.269175338649594614e-03,-9.036312523839763744e-02,5.857548424953751276e-02,8.654971540851810752e-02,5.109444506967024680e-01,4.335099863786587848e-01,-1.916259968814024717e-01,-9.613832869789765145e-02
1.192246464873093215e-01,-1.378964693948215581e-01,-3.577534297962123994e-02,-3.600477268143343901e-01,-1.946265174456684455e-01,-7.504886370260903383e-02,1.820208230094194080e-01,-1.301618639596024418e-01,-9.996602168430061830e-03,-1.281354158691147549e-01
2.096076433053167820e-01,9.158440084386736124e-02,-1.887429183126581034e-01,-1.878227340601530682e-01,-1.689741062378286376e-02,-2.513748464423298801e-01,-1.502337247242683249e-01,-3.877825795673758291e-01,7.473106040750240875e-02,1.355922173610611204e-03
1.685764980142457070e-01,-2.606756719868015826e-01,-2.090578779299460677e-01,-1.403230539614869765e-01,2.038090235483323298e-01,1.836407016473189935e-01,-1.402220627493812877e-01,2.873394527849731928e-01,-5.619849035000963611e-02,-1.926878040201959186e-01
3.131794676948277401e-01,1.491000812928465567e-03,1.147953313773982104e-01,-2.902993464904993770e-01,3.161731836898227233e-01,-3.877260739699875391e-01,-1.521833078185912957e-01,-3.304032625030672299e-01,3.676336099549395303e-02,2.608721093604697283e-01
9.684319390308501752e-02,-2.913138140742919102e-01,1.909442205895737210e-01,1.014059164053201928e-01,-1.662296373319893661e-01,-3.780648947642550883e-01,-1.679597663067639718e-02,1.699173642960947750e-01,-2.779495640065476891e-01,2.552363978815725409e-01
-8.120338618193068125e-02,-2.105229466367545543e-01,-2.500858751876657848e-01,-1.797913787515814932e-01,-2.180092836558434333e-01,-1.316811396416907864e-01,-2.130334883536928302e-03,-1.729066806850764471e-01,1.930678161925065972e-02,-2.368794964132139580e-01
6.460350987152546631e-02,-2.206832966868850499e-01,1.316885671817743242e-01,-2.749105621539799094e-02,-2.381219996935401428e-01,1.344675103817744577e-01,-2.626813153850791616e-01,5.656433502234275990e-02,-6.529054691833323376e-02,-2.379344249537252987e-01
-3.559594791559221316e-01,5.048236594176096909e-02,-2.219277154640124927e-01,-1.579530385966341488e-01,1.092611188986333109e-02,1.354575892946530656e-02,-3.119176071918520754e-01,-4.229821166538271227e-01,-2.245217714271363629e-01,-2.113973024271989243e-01
-6.940424714138457296e-02,2.750411943026823125e-01,2.022869894912958100e-01,-1.381909506055019159e-02,3.397420303477851483e-02,9.008573916481919797e-02,9.153988580389010865e-02,5.494274778782954304e-03,5.910936496035096993e-03,3.847092447591586306e-01
3.223664102590655944e-01,3.607690439998355036e-01,-6.745851542187754346e-02,4.419521151493725486e-01,-2.140564239102685784e-01,-1.676074306183406859e-01,1.673263041587721434e-01,-1.396587639642313527e-01,2.675678682789977003e-01,-1.658390565014813689e-01
-2.445224618802895877e-01,1.592608889615790974e-02,-6.547640848586112894e-02,-3.996585923863404249e-02,7.113073477822501323e-02,1.573700387863727901e-01,9.882154444029817020e-02,7.080892650569026170e-02,-4.927214341354806959e-01,2.141871556026349044e-01
-3.037348308988511644e-02,8.271557976709441318e-02,-2.068012346592162098e-01,3.320712548232856998e-01,-1.427792978664687018e-01,-1.663743934345663089e-01,-6.091499216480626006e-02,-1.905581475626957622e-01,4.019031368571882035e-02,3.315480686785069464e-01
-1.328268360436816731e-01,2.109324765374775631e-02,-3.830375101523101344e-01,2.701281052125732440e-01,-3.414713403886254078e-02,7.620301920048841438e-02,1.423836394378193149e-01,-3.725909960884195571e-01,-1.200780015069836393e-01,-1.842826447504775089e-01
-2.425140720844305708e-01,-2.654565690076798878e-01,-1.095480413981657769e-01,-2.586484040241667295e-02,3.273203143525949942e-03,-5.354971623330149338e-02,1.114164724679029689e-01,-3.271299717344289260e-01,-2.601321995592982828e-01,-1.125511674100917875e-01
3.669009079956077335e-02,2.349254737247380154e-01,1.814663830809695455e-01,8.455373541855196184e-02,-1.392537688529431050e-01,-4.238319686726881863e-01,7.227031516130431876e-03,-2.071481477873244118e-02,1.068370338072981846e-01,-1.263985585931911293e-01
1.212341166476878646e-01,-2.094277683808356272e-01,7.491434320307945038e-02,-6.041341031305812875e-02,9.971702506729317184e-03,4.025308704032760920e-02,1.403657178163465191e-01,3.855800309624248662e-02,2.009617904997630100e-01,-4.246805115900103011e-01
-2.421555496305640431e-01,6.622067910741223640e-02,-1.958732210670859619e-01,-3.147494536022826805e-02,-1.439053273332041027e-01,-1.809407542217159881e-01,-4.403020626190351505e-02,2.811362205005363823e-01,1.729323453797189103e-01,2.548979502743490277e-01
2.770983029597665626e-01,3.521156440423292566e-01,7.417003556987090962e-02,5.032929344451687603e-01,1.007058448074985846e-01,3.434496516590820336e-01,2.300727374381096035e-01,1.221423219704302759e-01,2.347389801474991308e-02,9.595268079078535933e-03
-2.747701534781661903e-01,-1.235707289068840170e-01,-6.638606769841951492e-03,3.224532370571024653e-02,-1.868878681999969205e-01,-1.554585458154020550e-01,-9.248364862184395296e-02,2.256549465519575026e-01,2.215906285387753694e-01,-1.920109471502910170e-01
-5.992837863399196746e-02,1.793609253672301118e-01,6.088475672742109379e-02,-2.524598861508248748e-01,-1.715065661139107966e-01,-1.722678782427726207e-01,3.117337338018580373e-01,-2.768390911001855029e-03,2.979146350747331473e-01,-1.706292221171880619e-01
3.474704491859487848e-02,1.362328973904277651e-01,-1.086802134516836188e-01,1.303984168886655748e-01,6.831430307526054069e-02,1.654622314308168973e-01,1.058569668093038429e-01,-1.819260929798160731e-01,-1.046823274063784781e-01,6.929606820409998924e-02
-1.020528059417632333e-01,-1.205605439990123373e-01,2.767868257705796142e-01,-2.373880227785034602e-01,-1.725798399463744359e-01,-3.058035571005660036e-01,-5.180351192697160018e-02,3.111829017796272426e-02,1.219429935726313446e-01,-5.253417069892233476e-02
1.796370185012522991e-01,-1.838751040789540492e-01,2.289404807560047883e-01,-3.502473597629444241e-02,3.142443512348900292e-01,-1.193554585323429451e-01,-4.546886766700306698e-02,2.654539438919830633e-03,-1.498080444025045310e-01,-7.620284167544923160e-02
8.827082504602441759e-02,3.065252796489469356e-01,3.158367877431758064e-01,-1.509498254815491991e-01,-8.043136308291251590e-02,1.726101965309317365e-01,8.480978009235076720e-02,-1.753110302592941205e-01,1.563436052813619581e-01,-3.311334620879924709e-03
-1.126699605623328049e-01,-1.769356088666151350e-01,3.543519803880683661e-01,-2.302138724606465903e-02,1.986743005888135655e-02,3.373176243511091365e-03,-7.582985247955664754e-02,-1.301590663053784347e-01,5.425002074706090915e-02,1.983157957737686772e-01
9.264220611432881503e-02,-1.406585583764429492e-01,-1.944068874205092945e-01,3.078778414629686488e-01,-3.020291733759811748e-01,4.217682152439714560e-01,2.551377015815218252e-01,2.408799153490925327e-01,5.536608204077937412e-01,-3.713202980482620541e-01
-3.514882319504239461e-02,-8.313277533409382802e-02,-1.191965500988488302e-01,1.261280668750652256e-01,2.407192950090644989e-01,2.296310356157840460e-01,1.809205135178351964e-01,2.627973615091827586e-01,5.688099481548525294e-02,1.192794776266050683e-01
2.392103271016708388e-01,-3.561798141102079374e-01,-1.601630273143239691e-01,2.287257198418675419e-01,2.430627761596383662e-01,1.159008817347697839e-01,8.800649510046931355e-04,2.299192783827120057e-01,1.841362605521143780e-01,9.599136576944096444e-02
6.701083715943161045e-02,-1.961784374489055072e-01,3.968186199092008648e-01,9.624534211771844372e-02,-1.899947252453242919e-01,-4.782042791415921923e-02,-2.158431455884985695e-01,1.918535150876544970e-01,-8.455928790583285004e-02,-1.225798086292779476e-01
3.401241174551192237e-02,-1.675150201232277272e-02,6.193025526731852498e-02,1.247483095595983138e-01,2.483528670797734705e-01,-2.918170899926491590e-01,-1.120169195049023209e-01,2.092064720490349194e-01,-8.674426318194836116e-02,-3.452830758117817478e-01
-2.690041514360478822e-02,-6.012457410615855424e-02,-1.921440736300606134e-01,-2.569623913947802762e-01,-2.884770241877186378e-02,1.869145662058076598e-02,1.110560480165398260e-02,-5.591189377560987564e-03,2.634318033046569307e-01,-1.743592299123476463e-01
-4.626262627866051941e-02,9.946822954265281680e-02,1.385582879410268975e-01,2.939709544888650106e-01,-1.550352586272799038e-01,-2.413776565383123421e-02,5.557145228042256052e-02,-3.064754305978257265e-01,-3.022773286646266433e-01,1.717407384974017348e-01
4.421612042289396922e-03,2.647535852045969085e-01,5.190026804445372482e-02,-1.129786026218943529e-01,6.172054408193234504e-02,-2.581439325701346821e-01,1.913847675351140754e-01,1.504767629043499699e-01,-2.411878577229181753e-01,2.178399567161888872e-01
6.157130939337894515e-02,-2.285238552878262608e-01,3.124399716396359938e-01,-2.368933471749729847e-01,-2.878820980437426513e-01,2.123621310938056117e-01,-1.724532737846125041e-01,1.568710419870039396e-01,-1.464480907567430046e-01,3.649248010738977421e-01
-3.720146849843991577e-02,-2.515905491224745827e-01,4.187324549624862891e-02,-2.562181519453771705e-01,-2.496441852440574038e-01,1.195012051021107913e-01,-1.403664992608076312e-01,1.342873635992097581e-01,-2.048547638801284376e-01,-1.493523902659286140e-01
-2.117351684089344988e-01,1.409120043447795456e-01,1.332788995354196489e-02,2.303444683131700421e-01,6.266052144519634881e-02,1.027447110775469782e-02,-4.978898692332396625e-02,1.416250252334281257e-01,2.504206442315378700e-01,2.535128417271018675e-01
-1.880134569243835652e-01,-5.971349427349981892e-02,-2.196410349614950908e-01,-5.046681452340796153e-02,9.917125278429392982e-03,2.601114628718899646e-01,-1.970571407233131511e-01,2.346628926561621364e-01,-8.362264862114321406e-02,2.411751903050442236e-01
3.777541439011238289e-01,-1.837874177769787537e-02,2.025972667993564402e-01,-1.023126148968995890e-02,-2.200267522667488929e-01,2.074682434049103172e-02,2.159037230257799533e-01,-1.028739290688743813e-01,-4.107131404712354578e-02,-2.368137497952909898e-01
-8.020473027693574009e-02,-3.439188867313503484e-01,-8.262316451529179429e-02,-3.919622955875180503e-01,2.011064837386953019e-01,1.627131484757325663e-01,2.229751463474665893e-02,-3.003322622932866337e-01,3.404593684278961474e-01,-3.362906042890467795e-01
-4.081763001071046434e-03,1.880952208255518288e-01,4.570443271836882593e-01,7.439913271633107061e-02,4.588292290878454721e-02,1.403296030733859057e-01,2.917268184930015343e-02,1.819522658528465453e-01,4.834077282408040521e-02,1.276506308651277344e-01
2.055492884877100634e-01,-1.877751206477695778e-01,-1.579895619869879086e-01,-1.109197515030691528e-01,-3.515332440659469371e-01,1.257226281594592612e-02,1.055117274308446651e-01,3.856791032744746328e-01,1.673275510394169885e-01,7.670436673466361766e-02
2.402663436939693475e-01,2.623587355045846059e-01,1.948998892730140209e-01,2.870906244263469187e-01,3.655911091663461426e-02,3.682852516474577897e-01,2.105277920204305375e-01,2.269184228999029662e-01,1.681273070427583005e-01,1.045942426035778861e-01
1.442024790143891233e-01,1.642633477522657537e-01,-2.864215814024015372e-01,1.435390617392059420e-01,1.789838369266919527e-01,-2.526076882077274433e-01,-4.712513780564307753e-02,6.332129140852518767e-02,3.311784809215855274e-01,3.687299716807715400e-01
2.969430398331538434e-01,-8.549651620251931539e-02,-1.603636595515062213e-01,1.036703986217605081e-02,-4.095486781659499753e-01,1.431480182664117973e-01,-1.276720346474605194e-01,-1.004758347614637531e-01,2.940544507450786327e-01,-1.333178151704495218e-01
4.647916266205827374e-02,-9.338804144945646313e-02,2.355386046055374105e-01,-1.206438989930095629e-01,2.252925256995212122e-01,2.908636338704287047e-02,1.716368544693096521e-01,-1.907223888898437192e-01,-7.161605220014261031e-02,6.443424928594565504e-02
-1.086699212034081125e-01,-2.584287390843055879e-02,-4.478583694167484475e-02,-1.310442316691359244e-01,-2.100457204736459749e-01,2.572816636967284465e-01,2.048266329878658532e-01,6.703378012051541823e-02,-5.334002551391228697e-02,-2.066993336230953104e-01
-1.728380538411656902e-03,-3.371051657890425934e-01,2.322209463121064354e-01,-1.008482094250416627e-01,1.624079096450695148e-01,-1.054342938427210857e-01,-8.688154645408936727e-02,-1.112123259915646090e-01,-9.732456271097286726e-02,-8.537516146131587935e-02
4.770048104618231088e-02,3.856015419904839647e-01,1.602609476046943926e-01,8.809277310974611419e-02,1.374010214265719287e-01,2.672065083609526104e-01,1.906729971148871661e-01,9.945694446378439135e-02,1.218573543756886618e-01,-1.242699259109274722e-03
3.222254083748228859e-01,-3.696524632078524442e-01,-7.591300365490985524e-02,1.848867236953416759e-01,7.900666443499284805e-03,1.367939402852277331e-01,6.736331217771236723e-02,8.622060882120095859e-02,2.893128592445387004e-01,1.764779971741594622e-01
-1.122855387739943728e-01,-1.876421303485059922e-01,-3.700890664634018945e-01,-1.853934133293707598e-01,-2.390069620966435715e-01,-2.598369820772540306e-01,1.490218335388271940e-02,-1.006771020434210628e-01,-6.533757834860301483e-02,9.375194169949602196e-02
9.407621425914593216e-02,1.303419414166028523e-01,1.943717539703203878e-01,3.288997519915344281e-01,-6.025185062708302702e-02,-2.395774663237561497e-01,-1.460419202049677567e-01,-5.588927823494257985e-02,-2.361049583437797028e-01,-1.276896140598544060e-01
-2.894724099583056987e-01,-7.013232262615171075e-02,4.390140048865789346e-01,3.080280032420155134e-01,-1.259438435152844815e-01,1.191359766986826996e-01,-1.876922014624114454e-01,-1.913752449004097744e-01,1.533167150050616379e-01,2.348786574280648798e-01
7.834484303588061527e-02,3.285372053931333580e-01,4.682312240912244600e-02,2.578526325804024188e-01,6.576545106878340643e-04,-2.314868192302099725e-01,-3.140322068647797837e-01,-1.530785565747749544e-01,2.859647151491138684e-01,-1.938550768817792758e-01
6.456089007212120756e-02,2.672607665208049377e-01,-2.679110963720719440e-01,-5.261405975210484143e-02,1.770023082312582874e-02,-1.194965637251246410e-01,-2.368306412584265108e-01,-3.625726600001964450e-01,1.719000312076027215e-01,-4.195071722740102010e-02
-1.215253285774605674e-01,-1.477423573360119313e-01,2.895223093585606589e-01,-3.299224341775821578e-01,3.892660773951764352e-02,2.442595509945495458e-01,-9.135161749384512753e-02,-2.369851271173330498e-01,1.024100729622581807e-01,5.305920658105524323e-02
3.604016573810729929e-01,9.243733486639667263e-02,-6.066247493185521894e-02,3.962323725240508854e-02,1.049073330608175508e-01,3.732814715442316911e-01,-4.112348209925973525e-02,2.656315199918436454e-01,1.234998236261928943e-02,3.475973632168234684e-02
1.085073161472395464e-02,-5.255952363576660985e-02,3.945901769131874431e-02,-4.461940131620813210e-02,-7.033559383204421311e-02,-5.300569323858513870e-01,1.087822469474347686e-01,-3.866655659807280987e-01,5.576727075130873124e-02,6.741725475066995266e-02
-4.999849006495409032e-02,2.306217804851130315e-01,2.391132598507752782e-01,2.913018258694207718e-01,-2.225748478507432737e-01,1.781911907707845744e-01,2.771200639505803642e-01,1.953567888832911381e-01,1.508143420678864921e-01,-1.382528145682676013e-01
2.105423534509046624e-01,-2.357545358763177973e-02,-5.749266947129138411e-02,5.652601016354153601e-02,2.800904954725418339e-01,2.047183557057241921e-01,3.080662676225394137e-01,2.320910297464562899e-01,1.324768225508639596e-01,-1.473018908594133647e-01
1.787801889043126591e-01,1.202901825624884818e-01,-1.216722875824898520e-01,4.260495901328432145e-01,-7.768140564563527639e-02,1.206750515815242092e-01,7.820013309799284107e-02,2.942759943941374301e-01,1.961219247130417953e-01,1.560084027043418531e-01
-1.905667152890419200e-02,2.213931375886107888e-01,1.271661434621457198e-01,-1.966150451920375963e-01,2.382316403204956801e-01,-1.436699756749013346e-01,-1.274318446883414280e-01,-1.748273279847281925e-01,-1.751227662574947053e-01,-2.679129585062297592e-01
2.333714534266458779e-02,-2.464835989991239207e-01,-8.410442871453545355e-02,-1.791782484671367373e-02,2.281708767193033061e-01,-1.296657122769553083e-01,-1.835925751371237855e-02,-2.823057285139522407e-02,9.134771178369537059e-02,8.083059170761762446e-02
-6.865726618567849666e-03,-8.568044080504297333e-02,1.011978243390540544e-01,-1.593162059051050627e-01,1.602557562706814487e-01,3.882373437789087695e-02,-2.457281416779405481e-01,1.443998599932920512e-01,7.959561021268844738e-02,3.642574153486156097e-01
-3.842806795362665312e-02,-1.777552736755615426e-01,3.196210621569957055e-01,-1.239311121544444533e-01,1.685821207804790167e-01,-1.652644428035144886e-01,1.553448356226413418e-01,-1.279694161121266716e-01,1.599531977247249381e-01,-4.437343553245587380e-02
3.572060422355008771e-03,-1.825310774922554446e-01,-4.270713524421458906e-01,3.325709805815360021e-01,-1.046421269045427621e-01,2.058521572980542003e-01,-2.037331475037667261e-01,-2.768332740058243036e-01,8.197124548350259721e-02,6.002269191608448906e-02
-1.848367440398870076e-01,1.911952572646820891e-01,-2.595130945908347697e-01,-8.957724779349077182e-02,2.784680360136033636e-02,2.577335410660320236e-01,-1.882924826223298653e-01,-2.315395728428855729e-02,-1.910015857352466428e-02,-1.351941722690480907e-01
-4.143964638240420911e-02,6.299330947471476483e-02,-9.119127662022098735e-02,1.430094044310988854e-01,4.998195221988644028e-03,1.872267526289638773e-01,2.496715611281798419e-01,2.217099048751346446e-01,9.387093171656739343e-02,3.737192948718608132e-02
4.646849547240926998e-02,-1.955856119500267720e-01,3.592238015641444071e-01,6.383090110681198526e-02,3.929013963127583192e-02,-1.935091607514149437e-01,1.073576419592716658e-01,5.282520831260747486e-03,2.660798618677884947e-02,-8.886804720418910175e-02
1.586924998667344489e-01,-1.259905700511013693e-01,-6.825529348025741183e-02,-1.628183785806242290e-01,1.729929329390761106e-01,2.645773371968942467e-01,-1.882021795603124048e-02,-2.936070770354212711e-01,9.326257930585375722e-02,2.276411080581486335e-01
-6.783316430918295836e-02,-1.871724936849497312e-01,1.311646935915761480e-01,-6.729062826973225553e-02,2.755832779500396734e-01,-3.761451131397296980e-03,4.162723123053158059e-02,2.959205379613316991e-02,1.479061590869486242e-01,-3.472259063075198160e-01
9.886206599261217198e-02,1.591088063365509453e-01,2.161171798179577913e-02,3.878162416705637633e-02,-5.071974015172821260e-02,9.678365373441601138e-02,1.656166918895095666e-02,-4.645962274849620433e-01,1.950074926752569660e-01,1.005904601567341686e-03
-3.679474015763907480e-02,-5.155529348635351505e-01,-3.956960039428616960e-02,2.365964166404780633e-01,4.352389684834581662e-02,5.082755620967964461e-02,-5.286311215141549676e-03,1.764084716117396701e-01,-2.160694592802263059e-01,4.155033747570349711e-02
2.557856236693438565e-03,-7.542886339864868228e-02,3.434063761409902327e-01,2.995690928579841650e-01,5.751070764556856507e-02,-1.915700180621673077e-01,2.661455622984870706e-01,1.505672059247267491e-01,3.210788376084803830e-01,-1.479374288951482153e-02
2.478244775224568153e-01,2.211929593809392469e-01,-1.752815961676622292e-01,-2.042391408491314730e-01,-2.212158501745150121e-02,-5.305058541506496583e-01,3.560474697613469353e-02,1.037930497472192570e-01,-8.504608338356954567e-02,2.325478169429253950e-01
5.232413981689967158e-02,2.017432518768333405e-02,2.372623264488547268e-01,-2.624269938260790358e-01,2.409463317816959715e-01,1.645541017240411685e-01,2.909930507625273499e-01,1.231000363642155426e-01,1.897415994786719184e-01,-6.445212525727833652e-02
-2.094846364682652895e-01,-3.302482257021157053e-01,-1.113147823281884774e-01,1.016770585627255474e-01,-2.059896632722613974e-01,-2.379353964192463394e-02,4.433368350406132093e-03,-2.381660131044157636e-01,-7.497802894768090809e-02,-3.777348358036993203e-01
1.984712939796619280e-02,-2.825632324894473621e-02,1.552020973322160331e-02,-2.115398946634215183e-01,-4.327200649771401619e-01,-2.152959265451659110e-01,1.460798499851023551e-03,-2.676167663100452732e-01,-6.830186490482986761e-02,1.742224994802367422e-01
-4.449324591753597152e-02,1.486828931166421508e-01,6.523249478921663846e-02,-2.771669584641316408e-01,-2.010130886632638739e-02,4.420444593229588132e-02,4.993559401486421523e-01,-1.975676201769010487e-01,2.438890394540763340e-01,-6.674974219012239085e-02
1.505557896334771550e-01,-1.546262387760756474e-01,3.402103470554926345e-01,2.008468082307525437e-01,-1.782144112086527787e-01,-2.757634960619589903e-02,1.317794160233365375e-01,-5.095648681729305490e-02,2.262445153338268344e-01,-9.140456209885584882e-02
-2.704498064092911158e-01,1.357453911363090404e-01,-1.309536673295432774e-01,1.251649495670496270e-01,-8.773602234880133188e-02,-1.421037629188769413e-01,3.940287298346415584e-02,-1.014817760628554527e-01,1.149377313917970544e-01,2.983328261422426436e-02
-1.737076936653928760e-01,6.013820437027889154e-02,-3.107038924540663771e-01,-1.244884961750242630e-01,-3.348400796682746705e-01,-2.171174314645247516e-01,1.086469408369268169e-01,7.620655294471372077e-02,-3.232210090833859822e-02,-5.389046292660047005e-02
-9.907748095321584902e-03,-3.885202319628570933e-03,2.654500913009083876e-02,-3.839481479117574231e-02,-7.258413642476467531e-02,-1.865943539810387408e-01,-3.663963150858914330e-01,1.529187297963522096e-01,-3.574088146704412772e-01,-1.929958497018784414e-01
2.850115901586076084e-01,-5.528119050969974857e-02,2.274314199261618097e-01,2.452211170537517138e-01,1.925805406103315853e-01,-1.508281419841238924e-01,-1.552938479296097629e-01,-8.599306515596533140e-02,-4.087678586419922766e-01,1.427781937640743848e-01
2.002067578388597169e-02,-4.035184440973980241e-04,1.812740624944388645e-01,-2.704616447907797205e-01,-2.806885507067167218e-01,9.323228527471758009e-02,1.121075170056411163e-01,-1.200060904173278903e-01,-2.083335960361803185e-01,3.178874516660273875e-01
-1.603913193235455281e-01,1.907645276474313201e-01,1.234691408166368326e-01,2.038892338251344916e-01,3.820720968297998399e-02,-1.822542108402686600e-01,-6.946006219481122568e-02,-1.224683557725529254e-01,-2.727384580886595411e-01,-8.208672733089551060e-03
2.196144659785087272e-01,1.005131685523919377e-01,2.014854531823010719e-01,5.044432819984864813e-02,-2.843501851604818831e-01,3.870379899823550053e-03,-3.336364566898272210e-01,-3.505799139356489263e-02,1.195366292873264735e-01,-4.891130284373076953e-02
-7.417270699434705405e-02,1.483420670783039963e-01,-1.126531151091132860e-01,1.228996931554782734e-01,6.069935899536293977e-02,3.396998779473157093e-01,-1.645312479029660824e-01,-6.740588974354050356e-02,8.234665007741380494e-02,2.241958886809548301e-01
-1.631351095603026102e-01,-3.733146687472388980e-01,-2.479354964322124932e-01,4.215859348342105434e-02,2.702909575199496928e-02,1.000936545813252421e-01,-2.499536905061532435e-02,-2.716137149258729955e-01,3.765215125432049004e-02,1.325821165580188532e-01
-2.271986472850761885e-01,-1.132183035488883993e-01,2.501078918598242384e-01,1.526613319271326041e-01,1.374825356291340395e-01,-9.522220627247326985e-02,1.065784166059515897e-01,1.930779062061250828e-01,4.849336365914829194e-01,1.212400661495541959e-01
1.503475357797221523e-01,-2.355015113704045648e-01,-9.655512726669448348e-03,-1.121415636004174515e-01,-2.978181115186481764e-01,1.610748416737322330e-01,1.226916314583197457e-02,-1.768099741903800537e-01,-4.039575887948184119e-01,7.311174461454814089e-02
1.307024703954364209e-01,1.243815529345314586e-01,-1.131920305086198293e-02,1.032050278489677342e-01,-2.070916000549200553e-01,-3.103183803540031649e-01,-3.275763224198670331e-02,1.140575020813122155e-02,-4.058815933304737306e-02,1.671445196638010888e-01
-1.273235619994816659e-01,-2.851455342653628211e-01,3.638995766601745702e-02,-1.670379072516416374e-01,2.572890146615681717e-01,1.692899349825018607e-01,1.307385244709327599e-01,-6.736240682735711305e-02,-1.209205497811311619e-01,-6.516013573137947879e-02
-1.211419634671793838e-01,-8.425883894396078710e-02,-7.910947529319127536e-02,1.353996197109544608e-01,-1.767517410262665553e-02,-1.616137230313824946e-01,8.734232861905330547e-02,-1.297067029810110017e-01,-1.462628393915552105e-01,2.208801785298285247e-01
2.715625113016200132e-01,1.848351999739842599e-01,2.274465561636321645e-02,1.400923719645867094e-01,4.852212636713353761e-02,1.396619119135290854e-01,1.488639542118373460e-01,-1.153991048467584678e-02,-1.544150876045062293e-01,-3.704124100107120815e-02
5.954419387873440689e-02,-8.247443075767298126e-02,-5.623760127710794587e-02,-2.207088983642115435e-02,-1.503780474967991443e-01,-1.857780024868270485e-01,4.775820779049238379e-02,-1.789390750120343210e-01,1.041033332532688011e-01,1.717049618640306419e-01
-1.399957891702041102e-01,4.939569379607910288e-02,-1.698687962011926483e-02,-2.078947895210180863e-01,3.155565721711125482e-01,1.826145525282570625e-01,1.397073895353123651e-01,1.091903622018986636e-01,-1.911108519526610316e-01,1.642484976415465869e-01
1.568552106574420957e-02,1.885456607535988538e-01,5.062766972733155624e-02,1.030333277487067434e-01,3.289629443138568643e-01,-5.333075789012570178e-02,2.046194507024021170e-01,1.728542541195939308e-01,-3.360967907110156555e-02,-1.473608353640250557e-01
-9.450798575338248408e-02,1.732784411020028836e-01,-1.204352246315195107e-01,2.182492808248492552e-02,-1.588139651956922138e-01,2.542786369568048044e-01,3.935769657939992144e-02,6.019070668913844430e-02,-7.366590963792918334e-02,-2.615074438531412304e-01
7.221745010401489639e-02,3.641786643222817421e-01,5.237819765513494763e-02,-2.975339260449310838e-02,-1.725150811046453070e-01,8.866962227838448563e-02,2.542217906319622633e-01,2.841418011008864375e-01,3.470879820179048614e-02,-8.790103558022747954e-02
-2.992536641287620314e-01,-3.638241866733176507e-03,1.780829530273922434e-01,2.638357004282745888e-01,2.588325788348264656e-01,-3.299008700773520264e-01,8.685650464080702307e-03,3.418651294165771515e-01,6.686205535230842212e-02,-1.303727386297329760e-01
2.166340083948714856e-01,-1.342784769905791542e-01,-1.067036203515202841e-01,6.517816846392361363e-01,-7.150004749304998686e-02,3.271714658584469471e-02,-1.254541398011785880e-01,-1.507906707016742620e-01,4.145849662221582910e-01,3.310452757112424815e-01
7.692729994688424222e-02,6.490013585147903774e-02,2.247645948217193435e-01,3.455217136334767236e-01,1.400234823872538448e-01,1.852284078159230629e-01,-1.528091434969658935e-01,6.204441463306429455e-02,-5.132410144366799515e-02,-2.017274229419420695e-01
1.154020650581250307e-01,-2.103000558594247393e-01,-2.801037768152999097e-01,9.747745136135825203e-03,3.928282571976175475e-01,-1.769094523902153271e-01,-1.956938844834298086e-01,1.572775426969112433e-01,1.416540999736462525e-01,-1.104423606386442103e-01
1.660687753741423023e-01,-4.186859083295773609e-01,-3.747841995668966253e-01,-1.956646748718910978e-01,2.054820422007974379e-01,-4.242919057106981917e-01,6.536479940919656846e-03,-1.179653265246012883e-01,1.128098906368258242e-01,2.497979838453488199e-01
1.014590859795005962e-01,1.051193793106340174e-01,2.951695017152465295e-01,1.054993662649427941e-02,4.664519310590099083e-02,-1.152296298484961762e-01,1.314055394302566793e-01,9.744139158911535592e-02,1.248283328280185185e-02,-2.145595231755020316e-01
2.701789537387675605e-02,1.466070002783592154e-02,-3.939471119492133910e-01,2.621246789357463136e-01,2.628800245357907350e-01,-1.114875850513175753e-02,1.992204093261799314e-01,-1.557276173779616191e-01,-3.187483349518979714e-01,-2.006114857527170336e-01
-3.475109635947744996e-02,1.353697681125371269e-02,1.064643147887566199e-01,3.674480584367945668e-01,-3.220701392643325611e-02,3.545960538970765463e-01,1.919704509947241233e-01,1.850045507356430918e-01,1.723518518844470993e-01,1.289376190327232163e-01
-4.793890172500549912e-02,-2.276545985291298646e-01,2.511532589668335480e-01,-1.619336874604907217e-01,4.339335629575703096e-02,1.077129633379378254e-01,1.133572595614185247e-01,-1.535246883189993750e-01,2.160691524563976840e-01,1.263598855630893580e-01
-2.305149069637145443e-02,1.095000204363405644e-01,-6.759917589599001575e-02,3.129402981008821416e-01,1.625527680250600515e-01,1.470607698088896576e-01,-2.981999787463949225e-01,1.041188322998503751e-01,-2.368391238661998188e-01,-2.277395112020365320e-01
6.171002910007324788e-02,-1.720549440815495323e-01,7.909121511891013812e-02,2.823566473227748230e-02,2.113920837530662011e-01,-7.648111122290719710e-02,2.139306463377243783e-01,-6.562469909678277091e-02,1.271647906234407710e-01,7.659304110125417925e-03
-9.291603863540148778e-02,3.039212664710372325e-01,-2.553259948805600144e-01,7.704223819620721614e-02,-4.915197227337182555e-03,-9.459881995060694104e-02,-1.921347300760024024e-01,2.416371562361352976e-01,1.822644051848569813e-01,-2.683844533253141873e-01
5.453876829335349563e-02,4.264782772353918616e-02,-1.162419728029107646e-01,1.342019293500741096e-02,3.109657035630640221e-01,1.393501255554067675e-01,-2.283185408207080019e-02,-3.717459069011592177e-01,-1.873334958069707012e-01,-1.976766431767134902e-01
1.143626498838042488e-01,-5.228541455123474069e-02,1.044609398007090018e-01,2.262242865762181809e-01,-1.632819249367305214e-01,-1.446922758130220754e-01,4.149268570195643879e-02,-2.278665928487881853e-01,-2.226571401383931059e-01,5.372844633665597308e-02
-2.034899580199917846e-01,5.233339962996121780e-02,2.641399226151170954e-01,1.874011262029135483e-01,2.066748710163794633e-01,3.162645879805371651e-02,-1.261656741474803667e-01,6.097437555054250474e-02,-2.184348203144452216e-01,-7.244923455232546439e-02
-7.376282068487023669e-02,2.889922540094906969e-02,-1.238852625681250395e-02,-2.813091880581109483e-01,-4.106192052318454189e-01,8.630390774943969001e-02,2.535221607851015357e-01,-1.235703236652889864e-01,-2.363789980735650845e-02,8.705263610910107808e-02
1.286167675857751991e-01,3.914933821384442014e-02,3.893424179873934965e-01,4.105453464056687402e-02,1.860422652670909102e-02,6.725630956037902120e-02,-1.087046755042809926e-01,1.446691767148182775e-02,-3.825819863406961230e-01,1.566640726226052049e-01
8.946828447291678074e-03,2.569593155109253790e-01,2.946852585932163704e-01,-1.934774576101088717e-01,-1.766121520585970661e-01,-1.263189577312892053e-01,-6.849804495443921615e-02,5.696957843566833463e-02,-1.815507601384888647e-01,2.678270087379480777e-03
2.832781599426267838e-01,-2.180779814610535328e-01,1.580993007147167839e-01,7.243179832559216991e-02,-1.773948402734158436e-01,7.028776298256229904e-02,2.264656184370290870e-01,-4.688977457804487797e-02,-4.139774169163013690e-02,3.675814208479615680e-02
9.482247380576977469e-02,-1.224025792733392931e-01,-8.737960153337930025e-02,1.829731434621518771e-01,1.453719208802305152e-01,-2.505699492752426205e-01,8.095307518484459730e-02,-2.260379847885046478e-01,3.597745644204287108e-01,-4.731108734067761001e-01
2.831439684765279519e-01,-1.339237080068098606e-01,1.732949274404413931e-01,5.797755367966369450e-02,2.820036577533161504e-01,-4.689428373250361659e-01,2.732568797174645958e-01,5.374090067683771205e-02,5.664526193932276771e-02,2.766538135196122683e-01
-2.790573557809386540e-01,-6.562777014955940846e-02,-2.106817345261016161e-01,-1.057072077365346224e-01,1.142441469156787737e-01,-9.292972844320734893e-02,-2.483908761313619595e-01,1.386718358540472984e-01,2.466488521263874301e-01,1.344343808173973642e-01
-5.566510385768492358e-02,-2.207369866751626442e-01,-6.681220822908880141e-02,5.833753780789716764e-02,-1.010925533914804331e-01,8.852903227876958436e-02,3.205113421130371346e-03,-1.554925848543913802e-01,-2.742333158392991632e-01,-2.144369722484004426e-01
1.406329248039181745e-01,1.167523366878765595e-01,-5.929517660183995093e-02,-9.752102034297835745e-03,-1.022637271585010166e-01,1.583275280923183148e-01,-2.338830552462419221e-01,-2.791942698115043586e-01,1.906905715241804522e-01,-2.674363300226759721e-01
-7.395193163953291127e-02,-3.190722451207739785e-01,-8.421050008372622797e-02,-3.841881139005370871e-01,6.823014739667657147e-02,1.190856311214939095e-01,4.026719328846763840e-02,-1.386017365494766618e-01,2.175648045742869241e-01,1.937124067730272049e-03
9.312278198502624066e-04,-1.234685878433437328e-01,-2.968106863413596391e-02,-3.473650053792902703e-01,1.062310529573871377e-02,-6.023872523279584501e-02,-3.049833091378466032e-01,-1.622948081573084567e-01,-3.285703559005071495e-01,-1.230951428919902779e-01
-2.067589608524810219e-01,-3.292791697784932525e-01,-1.854727766039937220e-01,-2.443157271169335565e-01,7.777756924685803874e-02,-2.620574421264562082e-01,-1.646592065568994456e-01,-7.123295116248475056e-02,-1.411149874876699295e-01,-3.314451955391766180e-01
-6.386081962689775515e-02,-5.381935471099023871e-02,4.326785395004052459e-01,3.962473894113545114e-01,-8.245670317870740229e-02,-5.818827047664181656e-02,-3.490019701577658506e-01,-1.881845552464562199e-01,1.801853646944996112e-01,-1.440137701394104408e-01
-1.742048758915984430e-01,9.127252646692560201e-02,-1.085955742911937777e-02,4.019252461229969736e-02,1.594565225896507898e-01,-1.649771477732043523e-01,1.988443380248963166e-01,9.492330671667810471e-02,-8.180238276314315661e-04,-1.774155903550029834e-01
-1.254099814192117801e-01,-1.227777017370578344e-01,-2.034646170338802740e-01,-2.528633928017100518e-01,3.226115048549034470e-02,-1.655312026855526586e-01,-2.632016109354992639e-01,-1.767717867578474239e-02,-7.368940683235959688e-02,-2.841061282289096823e-01
-2.382331554570051857e-01,-8.168663507403489676e-02,-5.818296628644094304e-02,9.814321411602672240e-02,1.447410656895267433e-01,-6.228175722991693974e-02,-1.061533259716173350e-01,-3.298929849903063372e-01,-1.318324384543856642e-01,-1.176814891416020359e-01
1.815858865738271266e-01,-1.468575949181798457e-01,-1.436584215679653498e-01,1.109273756116981730e-01,-3.107945271293956480e-01,4.002401777256336945e-02,-1.699180943323086168e-01,-2.563425820547664546e-01,1.015726931253970594e-01,-3.106688039628143633e-02
-5.259964573923527065e-02,-2.107625890939117674e-01,3.652759902966580818e-01,2.620738315493363266e-02,1.175283076765962359e-01,1.977129210367273016e-01,2.437520749987035495e-01,-9.682867239828471528e-02,-9.691552763005227555e-02,-6.403725306188814970e-02
3.625437590359146256e-01,-2.297179531774871108e-01,1.808348171243706615e-01,-9.787329400965631698e-02,5.045529593647390953e-02,1.963186927750993904e-01,8.148216872758175244e-02,8.348192145072498571e-02,2.121571713761560563e-01,-9.692189601983974834e-02
1.480293784161520743e-01,1.926470324106493437e-01,-4.057353432041405777e-02,1.230848090107529991e-01,-4.620168611269388770e-02,1.760970073222944965e-01,2.086896259465829129e-01,6.723105804950162134e-02,-1.409054037033237172e-01,-3.922235935962183062e-02
2.212773551356166657e-01,-1.214362221122925606e-01,1.005806409033040694e-01,-1.585726385531553706e-01,1.562208345985105495e-01,3.371790908220763106e-01,5.496904903090451405e-02,-7.951711518159298997e-02,1.098887308736680585e-01,1.637385951440454568e-01
-2.814485485380721075e-01,-1.346036508694703759e-01,1.229534011493143564e-01,-1.074616489075393005e-01,-2.936504578014081934e-01,-6.858900573486781393e-02,5.285922347412196076e-02,-5.277224229388493421e-02,1.091872991882058413e-01,2.306300730510112695e-01
-1.154862159015914991e-01,2.144578707540329143e-01,3.909887481490284533e-02,5.044560629496951977e-03,-1.755859838073262347e-01,1.333550158273927588e-01,-4.915607228656861116e-02,-1.990432076851273990e-01,2.125101114629858109e-02,-1.187838108845064855e-01
8.865322092055381853e-02,1.858165690225553612e-01,8.349744294669492889e-03,-1.497235250046781430e-01,-8.161075972202169737e-03,-1.614017022649059385e-01,-3.841018929327428832e-01,-4.078306112524526794e-01,-8.623654368283890925e-02,1.081804761115685715e-01
-6.078847188035021304e-02,-3.782121742750830240e-01,-7.839922303966677386e-03,7.154201372018367810e-02,-1.606993486815568861e-01,-1.651369252766884121e-01,-1.940538606986742798e-01,2.236331102507283786e-01,5.605845755667746011e-02,-5.147519152005980425e-02
1.031097614146716385e-01,9.472580291145468734e-02,-7.238685762990535247e-03,-2.669068894057150532e-01,1.354581835182100229e-02,2.131188448979763964e-02,2.863405479174508939e-01,-1.983426089724455998e-01,1.700014816640671722e-01,-1.670721512125584174e-01
-1.836297561064278439e-01,1.304262448453771539e-01,4.239115408854845363e-02,-7.857830477657198887e-02,2.472052971941181565e-01,4.037925115352747341e-02,7.102804326030977278e-02,9.901169173953137947e-02,3.097063067160893968e-01,2.196333773552488211e-01
-1.330634734108565587e-01,-7.623570386264183485e-02,-8.274091754192196280e-02,1.011881055715271455e-01,1.066192315641691368e-01,-2.184639547944097759e-01,1.002955191792140460e-01,-2.366338769967167230e-02,2.128687664178372796e-01,3.016744866903941502e-01
-1.568569240902963902e-01,-2.870464124643509196e-01,-4.760526790435816447e-02,-3.920629101222430912e-01,-2.248937384375167964e-02,-2.106528641169544067e-02,3.268469952661773315e-01,-3.220753026606792968e-01,1.573002920473767219e-01,8.952138169277587543e-02
-1.796541172234985551e-01,1.165732630056583313e-01,2.901985933792434746e-01,4.435593664347624483e-03,4.090954485128938112e-01,3.143698030092572648e-01,6.524336057609531059e-02,8.400750300917880775e-02,-4.179505838908524895e-01,-1.047177549188757634e-01
2.438692171756680349e-02,1.939126309222406752e-01,-5.337727241637101050e-02,6.811849776832716585e-02,2.463859906142100431e-01,-7.745223630295884620e-02,1.483386542321685764e-01,-2.904577136437954121e-01,4.147078500059518946e-01,3.486743936141917938e-02
3.876823934458624166e-01,-1.138588760093540431e-01,4.081429015619837952e-01,-4.682916476678083972e-02,5.923006487817936844e-02,2.403879605225232863e-02,-2.378189643334102932e-01,-1.881582443327944887e-01,-2.033262737020503572e-02,2.133085945197164546e-01
-1.567774657026202098e-02,-2.867041726366355570e-01,-1.282762374433157881e-01,-7.816802298728439680e-02,-3.421966686679050462e-01,-2.375896157241895734e-01,1.157880130348870745e-01,3.008273136684401494e-02,-2.931056769550726138e-01,-2.002539731202358508e-01
3.822991802421499968e-02,-9.967426939068861624e-02,3.146023404594469608e-01,-2.494529197540443777e-01,-1.048262215668220587e-01,-1.722130766789784218e-01,2.058682156312689471e-01,1.789102462264443583e-01,-1.228483384893021974e-01,1.651920572396179399e-01
2.235349570831492438e-01,8.495492843244971393e-02,-3.613935212358848070e-01,1.056911328397399513e-01,-4.575551354231607859e-02,-1.122917543749815256e-01,5.852807796878169849e-02,-1.954740980046205390e-01,-5.355849210428446916e-02,3.544894721145859795e-01
4.360045824612533705e-02,1.716083448409183587e-01,-2.228885583399227710e-01,-2.783254167868423057e-01,-1.275478679938274185e-01,2.527869827624536474e-03,-9.469760032718492482e-02,3.266984485969102181e-01,4.021280865628439893e-01,1.075307492756801403e-01
-8.568398211588337809e-02,8.896851154350148005e-02,-2.469535011796949453e-01,-1.335921424659329559e-01,-7.234617113670309407e-02,-1.348760041727080361e-01,-2.384876993762771735e-02,-2.226592636775739376e-01,-2.676570458891870952e-01,2.968425518894911019e-01
-3.395412353211483270e-01,-2.949015452876826426e-01,-1.116926650977302302e-02,9.340583698680628155e-02,-1.846194857079803131e-01,-4.729291797239260770e-02,1.998137794024999192e-01,1.173678014944113529e-02,-4.983180642609828098e-02,-5.514296262881727972e-02
-2.683018230726408881e-01,-2.608394342157003831e-01,7.279934232459069066e-02,-2.924613455482975577e-01,7.694258925020805440e-02,1.381510007369077531e-01,2.886998794942044130e-02,-1.792235983766645932e-02,-2.882243377587288546e-01,-1.792129090470416519e-01
-7.937783969597782263e-02,-1.184457252065615057e-01,2.276930078574735949e-01,-1.148427879399713386e-01,-7.683123186172730046e-02,2.868273228798566901e-02,3.268721033630605510e-01,1.012650950395525273e-01,-1.380154974032534454e-01,4.063852674006750848e-02
-7.584482884427781735e-02,-1.337361231623635134e-02,4.030479608364757882e-03,-1.139011116862564260e-01,5.447581774960957857e-02,1.004215975614297512e-01,-6.002406510710112109e-02,-3.357623668366239988e-02,3.371995368203175580e-01,-1.194685643024161054e-01
1.832632204658342090e-01,-1.295592059766797477e-01,1.945143252681563462e-01,8.483102266200247266e-02,1.945705249443167861e-01,-2.933304222976952924e-01,1.758363157826710876e-01,7.136386567348398935e-02,-1.027749169641840044e-01,-1.519760236484968274e-02
-1.907061321310696278e-01,1.149810315646022790e-01,-2.071251046098851467e-02,-2.609556160865149077e-01,-3.098198055753749180e-01,9.712590299834990282e-02,1.603553981016773433e-01,-5.243744903935943641e-02,1.726162768507965017e-01,-1.751846299478471980e-01
6.838615189591268351e-02,2.398611670936929841e-01,3.227671230210352182e-03,2.040577156552240146e-01,-1.894447875026473438e-01,1.663155935845747058e-01,4.851372533839544698e-01,2.081932849545041209e-01,-1.459113807311256117e-01,2.127152592688900945e-01
-1.779027949786425866e-01,2.037093703146474755e-01,-2.144905176159184190e-01,-2.328928541557712950e-01,1.392972841542092777e-01,-7.396791831889619473e-02,3.622898897606188773e-01,9.114817257425733565e-02,3.798584608975526938e-02,-2.435918094067059392e-01
6.813285823887420267e-02,1.457443156645905624e-01,4.659209882242997675e-02,5.541054181873852902e-02,-1.137654987203174928e-01,-1.046332238710782070e-01,-2.434872547199023740e-01,-1.141611614013847975e-01,-1.642072176230317260e-01,-7.002193015861336422e-04
-1.135131501036947682e-01,-3.703053521107260715e-01,-2.758775277017614935e-01,-3.313889392158045899e-01,-1.229565759549814952e-01,-3.180493736254992876e-01,-1.562800687402467747e-01,1.781837069417894701e-02,1.274561932453190938e-01,4.494665989450670474e-02
2.124524767661505331e-01,-1.447301184277158259e-01,-2.648027263107786272e-02,1.993290371249769322e-01,1.757832669366805323e-01,-6.576955858899290186e-02,7.075801205365220281e-02,1.179750461625061059e-01,-7.118258953843245584e-02,2.196821472573304013e-01
3.038966857956786893e-01,3.100872111891784799e-01,4.421507428618301483e-02,3.400304264361311279e-01,1.194522040076130137e-01,1.606772843421023778e-01,1.744206025402936511e-01,1.658676450009483327e-01,1.494479259886377087e-01,2.604952547692028775e-01
8.527117680907889130e-02,-1.451482261531592544e-01,8.860161256857529422e-02,-1.558376124198965554e-02,6.494009308579852535e-02,3.002209327540153461e-01,3.546374420558400797e-01,-9.716400886154973049e-02,-1.513188150755717942e-01,-5.626443675751784113e-02
-2.343672662759985204e-02,-3.331127979013200346e-01,-9.769929873325687575e-02,1.697957434721323322e-01,-1.885801079674793643e-02,-6.434679088571780559e-02,2.998433544481188817e-01,1.431093329765266153e-01,2.975445264105269771e-01,-1.807986723364319592e-01
2.707723264409369612e-01,-1.526005996822719646e-01,-5.208885717183859426e-02,-2.371287424435749303e-01,-2.643670060042589420e-01,3.773532591629020772e-01,-1.060210763863392996e-01,4.839186072590287175e-04,-9.919054164261979084e-03,3.672078479467406203e-02
-1.438708933459439121e-01,-2.757836426093800419e-01,-2.961443961970122718e-02,1.459131642773417170e-01,-2.438800264703152310e-01,-3.946492795987719543e-02,2.171990783503273681e-01,1.494827381906125852e-01,1.033711288891454860e-01,-1.130225920363273351e-01
-2.622749635444590610e-01,-8.123564217068882098e-02,4.373172923617918949e-03,-4.271973611441277907e-03,-2.190710459475297134e-01,2.365357226171334037e-01,-4.836695628958941062e-02,-2.251437985439383727e-01,9.730879725294699911e-02,-3.516410174245838682e-01
2.100513169425203552e-01,1.863049478379798507e-01,2.365707587374863974e-01,-1.998744722067936908e-01,1.495497907400521465e-01,-2.065757903260145162e-02,3.368353871710343950e-01,-1.289276865280971907e-01,-2.786836172181262894e-01,-1.540747945774628980e-01
-1.921452570409728708e-02,-1.278544904446053398e-01,2.210522851049753768e-01,2.931401697461072375e-02,7.938579843462394148e-02,1.990406440625949736e-01,-1.893343960300888640e-01,3.086598608027372181e-01,1.367797382729711297e-01,6.059746010361418550e-02
-3.298173425127525205e-01,1.715001049039572845e-01,9.339580307895574418e-02,-2.376966214583038639e-01,-1.966388949442889056e-01,-1.379380324291401561e-01,1.473336562748825684e-01,-4.933106060448140540e-02,6.325641124436050255e-02,-2.338590575430868901e-01
9.577911450665765880e-02,2.515519155610360102e-01,-9.696703301687956134e-02,-3.999640062687832148e-02,-1.078436479547775634e-01,-2.179613757112618400e-01,-2.434159220715975125e-01,2.519275319208514330e-01,-2.055511876539559413e-01,3.040626346197512070e-02
2.318903022132711572e-02,9.805631314926971376e-02,4.472257803993465869e-02,1.313240482233170303e-01,2.656156184649213214e-01,1.392450678866800733e-02,-1.490192113945814321e-02,-2.984918230828689789e-01,2.314226266944388044e-01,-2.347062842898704205e-01
1.035441407601813968e-01,-8.426582335375006061e-02,-2.314978526245315207e-03,1.352724459292390380e-01,-2.027895533222442981e-01,9.443936919796915019e-02,-9.845045318130021816e-02,1.923670673207746595e-01,1.636170035452509663e-01,-1.595236591481569988e-01
1.252840088586639478e-01,-1.151401112158428053e-01,-1.318447599161786665e-01,-7.942241763723482950e-02,2.940979891927751888e-01,-9.854637372611340946e-04,1.675231946801282179e-01,-1.934033953013078733e-01,5.512025409906952389e-03,-8.955612269125522162e-02
-2.290446093728456811e-01,1.641843117773608696e-01,-2.251487939961095142e-01,-2.564007068291544456e-01,-1.218845492249172879e-01,-1.732923749384055190e-01,6.730235875396266276e-02,1.028640763666943958e-01,-8.703784084887385142e-02,-1.763775892515239696e-01
-2.983459207505290700e-01,-1.869677998105485628e-01,6.452843284614789843e-02,1.619723747093715360e-01,-1.043380293157679384e-01,-2.502979382657167240e-01,-1.442792860989563497e-01,-7.461924223204285944e-02,-2.153327131436187647e-01,-6.212551902558851452e-02
1.509308307267367977e-01,6.830561091883546876e-02,7.528073299690782316e-02,-1.272191519372956880e-01,1.555897206403984712e-01,-1.214053360688277655e-01,9.302820136524556083e-02,1.926424323995892807e-02,-9.065227205644392494e-02,6.200940899866255046e-02
9.981592969535724169e-02,-1.778187128402584222e-02,-4.397532798031619783e-01,1.145465409402301460e-01,2.361230944225275741e-01,2.598450403558498142e-02,2.531319906957589863e-02,-1.358047125530462418e-01,-1.869951880663359434e-01,1.257099785855727569e-01
-2.056445394094029988e-01,-1.623075528843171134e-01,1.657933600205231950e-01,-1.140654629985391605e-02,-4.025104613544114862e-01,3.271961160686652770e-01,2.930617339336169525e-01,4.695628799672104114e-01,-8.538262529905314702e-02,2.068512246366052687e-01
-3.197105463995129626e-01,2.789447099717076162e-01,2.031084335375549776e-01,1.868704131324265202e-02,-3.160471257768279196e-01,3.943920237924419814e-01,-3.294131151548481129e-01,6.437214329977089533e-02,8.010633567013117351e-02,1.843928623193838434e-01
2.701757777866032884e-01,-3.354485056872235638e-01,2.533434790930703118e-01,1.461652077826846030e-01,-2.372106485465677594e-01,-6.561946843447198641e-02,-5.323657079527532865e-02,8.502935879011853937e-02,1.345384033993141104e-01,1.894730245914727218e-01
5.335226820357292371e-02,1.242816557406516836e-01,-5.621228146168705947e-02,-1.615124813269286919e-01,1.285581043767888010e-01,-1.971650971328137436e-01,2.161265279845606957e-01,-1.515547343631968302e-01,-1.089910000302646009e-01,2.651814573107986739e-01
-2.198096905398626288e-01,-2.352935051816698042e-01,6.385872248611368374e-02,3.210694901377520588e-02,8.244970850500765724e-02,-7.995060126625834485e-02,-2.744973758171571077e-01,1.495467563230867269e-01,-4.554331237110689212e-01,-5.488667745242754165e-02
