-2.149648971442566781e-01,-1.016322982341301140e-01,-9.388794351206401767e-02,-1.320580342058719388e-02,-6.616283197774140701e-02,-2.811402303326631102e-01,-2.620943867030320340e-01,-4.042768019394261253e-02,2.077988516460198276e-01,1.433445989790521902e-01
-7.749773224163669649e-02,-1.768715549972975365e-01,7.374303788640874414e-03,-5.956754173207365333e-02,-7.811006179024215790e-02,6.864375081168149276e-03,-9.343392865301243522e-02,4.979175175655397440e-02,-3.035821034823673603e-01,-4.156640740219453428e-02
-1.367503803517992611e-01,1.223177042122033376e-01,-6.089277374427590206e-02,-8.337885625742925966e-02,-8.387635870249363079e-02,1.587737377295501684e-01,1.082214868138921121e-01,2.442535113457292850e-01,-1.643953501742798362e-01,5.623374470877048198e-02
-7.375574282413760452e-02,-9.107756557337948200e-02,3.543715603624454924e-01,2.813671897073833361e-01,9.955204688561009041e-02,-2.078729138946623090e-01,7.005841942101229125e-02,2.496935190470988275e-01,1.432034478705472291e-01,-2.977567123372171776e-01
1.645605067636258800e-01,1.151013694180094138e-01,1.653062843243491981e-02,-2.432305868342579114e-01,-1.886217305650583331e-03,2.363339448702796997e-01,1.033881194824389366e-01,-2.055705078341718006e-01,-2.629709347733343860e-01,1.850857188902053918e-01
-1.005646429225457300e-01,1.151168061592669489e-01,-1.433618606430197284e-01,2.513751805219868740e-01,1.183633268677280470e-01,1.007369109344436464e-01,-2.970447437314187589e-01,-1.489119583789902668e-01,-2.074189756423878983e-01,-1.322664320888889133e-01
-3.817870205950662892e-03,-6.345502605468271440e-02,5.880633186542459645e-02,3.278271798665027131e-02,1.436871060173574299e-01,1.389239363110159053e-01,1.810324314814606983e-01,1.652104524164871580e-01,3.090203229592240475e-01,1.728963023545850297e-01
1.485650656582327700e-01,-6.600106943139366633e-02,-1.084156512730894556e-01,-9.394396364156805401e-02,2.781302700197951783e-01,1.002021638645730489e-01,-2.598437950402942009e-01,2.976441401335123693e-01,-1.895275636721779067e-01,-1.931482070601917289e-01
2.808563293979084441e-01,3.621007032190008967e-01,-2.133571115707091070e-01,-4.080517890410537835e-02,1.174611275889692608e-01,-1.586040838481921900e-01,1.408988179748726088e-01,2.395488535034335509e-01,1.829696707935355715e-01,1.529599105294750239e-01
1.280620052768341732e-01,-1.845657147007933319e-01,4.436980908504226800e-02,-2.919157864605864683e-01,1.110902353529494430e-01,-1.288171265369890961e-01,9.841288930865289830e-02,1.031052870284735468e-01,3.082107271378503946e-02,2.661879318858186849e-01
-7.035145512728513406e-02,-5.543716166307843113e-02,-4.230002044692286051e-02,-2.140398300162321410e-01,-1.732126452744012224e-01,-9.437652684068165154e-02,-2.533229004853999600e-01,6.607150568190643843e-03,1.624739866804925381e-01,-1.936341959206402119e-01
-1.458089745968311757e-01,1.410087828890402573e-01,-1.227782750226558139e-01,1.086678589617569024e-01,-7.953081458226970990e-02,1.327585716210699374e-01,-3.065744156533323217e-02,-1.136383323650893284e-01,2.595247761255716212e-01,5.533333802561867659e-02
-1.463777859979369378e-01,1.085651388957318692e-01,7.750138364580154426e-02,1.636396228034438793e-01,4.391405317125493535e-02,-1.371230882249896421e-01,-7.952983601304883243e-02,-2.044691836495124149e-01,-1.410902371426754343e-01,-1.646342207130592483e-01
6.994088083051121403e-03,2.163084083578983297e-01,2.058018098900202542e-01,-1.239884526006074759e-02,-2.310949202574111572e-01,-2.908363623142329879e-01,-2.143030078845199471e-01,1.437001258612230770e-01,-1.711132694678610677e-01,2.341204799569926998e-01
2.737940108965397079e-01,1.855819861062131082e-05,2.395181245557576402e-02,-3.757122285223200575e-01,-3.007748954418014153e-01,3.637430508083672187e-02,-1.158562176675684424e-01,3.272693811801368619e-02,-1.668807802770731485e-01,-1.676716116082241637e-01
-5.178235389384650000e-02,7.038324371369987509e-02,-3.512433785790702312e-01,1.105912329641929870e-01,-1.006719538544384590e-01,2.922731153622063968e-02,-1.176182978511538524e-01,8.076792201775444269e-02,-2.067736255595900019e-01,2.013063259987324383e-02
-6.292100520457166724e-02,1.520594257178835007e-01,2.368105137088043904e-02,-2.350587217240956983e-01,-1.982978203618792346e-01,1.781455898664379700e-01,1.427968072260720755e-01,-1.378083726102322382e-01,1.785898149622953957e-01,-1.875395455164740877e-01
-2.617452613114333304e-01,-1.010626401869134938e-01,1.165310006451192454e-01,-6.546807760087727801e-02,1.116953909990238830e-01,-1.068005667134676179e-01,2.120952444391663305e-02,-1.510642267905685787e-01,-3.764130986336816642e-02,-3.674206219588673217e-01
2.862252535621813698e-01,-6.359146240910732752e-03,-1.089533070865023462e-01,-1.015523593007712361e-01,-3.653313240173285820e-02,-1.398187628401205418e-01,-2.306474281092957962e-02,1.203541328230689073e-01,-2.305897228270786525e-01,5.553224341386186341e-02
6.381265108077033288e-02,-1.485597334183516305e-01,-3.169237061309089221e-01,-1.432930403634707639e-01,-1.706359956484520823e-01,3.484807099618025122e-03,-1.014579752883958408e-01,-1.003970522868972565e-01,1.669258024977384597e-02,-1.781026856135058956e-01
-4.545916549717341631e-03,-1.019098857128327290e-01,-3.509649155865435938e-02,3.452867134324592857e-02,1.482253358025563128e-01,-9.626198412601075227e-02,9.608395427443944259e-02,2.150775466705374117e-01,-2.818051415024621243e-03,1.633345824277255831e-01
2.438836300743322527e-01,-1.756636054570153982e-01,-1.850723842600434099e-01,-1.054149729543785718e-01,-8.567945776060141572e-02,-3.379702295819869695e-02,-2.474069643374370575e-01,1.283259409058165323e-01,-2.572382548585321893e-01,1.878889081276834128e-01
6.932448686184947140e-02,-1.125014153385801435e-01,2.052551685298532602e-01,-1.391620350595847988e-01,2.004324465990305892e-01,-1.708381686203835625e-01,1.016447224078243783e-01,1.587966314366904275e-01,1.409312832486445399e-01,1.290107316514187141e-01
-1.331410588959524854e-01,-2.622862624736054249e-01,6.401389449225379502e-02,-1.785490568661696476e-01,2.597708336742611257e-01,1.275653836040032407e-01,1.231681008302352026e-01,-6.594666828153343541e-02,-9.951611329086397506e-02,2.704082240912773494e-01
1.882413045259794526e-01,-7.276333260038313211e-02,-6.410556790792342613e-03,-9.867053898932669209e-02,-4.234448463027612464e-02,-8.599585272422463622e-02,-1.150952454184490763e-02,1.943706402586837245e-01,-7.023760464523975955e-02,1.077306631194076547e-01
-3.419475882769902608e-02,1.808239673489124566e-02,-1.000987098412116777e-01,-2.225076980594374865e-01,1.147836492120013069e-01,6.581746807868657512e-02,-2.138081634840042211e-01,-3.350032329305267786e-02,2.334335491014812025e-03,1.445470863458779842e-01
1.554638804533808594e-01,9.113057574328135846e-02,1.275337124665338329e-01,2.061722627154985443e-01,-1.175538955857446111e-01,-2.059774106831330776e-01,3.877061349649749133e-02,-4.304093109036123688e-02,2.591855730456858464e-01,-2.209035776887262881e-01
1.644475439234120706e-01,2.905985152917178738e-01,-2.406848708403155623e-01,-4.372274721486678062e-01,1.057923919216867126e-01,-3.029996525482935299e-01,3.071046144501441322e-04,-9.411370921642488521e-03,-4.313047940081328468e-02,-7.095383603553895302e-02
5.352369534282051811e-02,1.173648492071668742e-01,2.931500230598351603e-02,-1.578872130544926311e-01,9.016712092995196257e-03,2.110636155493167410e-01,-3.027969008526945061e-01,-6.590024028191693306e-02,-1.764007457906398291e-01,1.595096811505155032e-01
-6.896936698935066112e-02,-1.873191133893776783e-01,2.400034176536989736e-02,2.385408657571582922e-02,-1.287189022319340792e-01,-7.805456501624942478e-02,2.194956114956661264e-01,-2.110994251856390391e-01,-1.492564767927577474e-01,6.222872982945719389e-02
2.812640047552956712e-01,2.943653101472014644e-01,2.970060079054528610e-02,-7.176442684582098365e-03,3.624059567767857204e-01,5.127050447818276568e-02,7.197042483779149402e-02,3.809900960150559152e-02,-1.712771380192416870e-01,9.175315018079585605e-02
-1.021814684316468130e-01,3.863671751361346107e-01,1.514485824396043789e-01,1.192646660896309607e-01,1.397822781655344848e-01,1.131724908260000606e-01,4.621152646056959912e-02,-1.030285419132943511e-02,2.475767235990898874e-01,-5.505089615401285996e-02
2.074721020040830310e-01,1.004498221900913257e-01,2.475457757266854852e-01,-1.399150497500419726e-02,5.894272071878512570e-02,1.308189422807711222e-01,-1.685426553289761653e-01,-1.223977596349079822e-01,-4.231887436179096462e-03,-5.706839325231199966e-02
-1.222684685033804675e-01,-2.110123727216170475e-01,-8.043943899640125517e-02,-2.467673435307720098e-01,1.334229651591791466e-01,2.843417116772218867e-01,5.197356521432184434e-02,1.980271861422084334e-01,1.495567125247395379e-01,8.494315109893532667e-02
4.580152401680179924e-02,-1.427881978649493400e-01,3.091658853700243736e-01,-9.705862762952198464e-02,-2.120316594068239469e-01,2.162307325813124792e-01,2.000129284125948537e-01,-6.306994467446067065e-02,1.718685072944152459e-01,8.090007239157184782e-02
-1.921054373875711874e-01,-1.216053589098548410e-01,-8.359734998451243126e-02,-4.979056863431717550e-03,-1.579057778576879456e-01,-2.328256770757764771e-01,1.706924347888305951e-02,2.414822664835315214e-01,2.156182624485727395e-01,4.723805774813231995e-02
-2.579770883187347263e-01,-4.519875439963897540e-02,-1.057888090148799559e-01,-1.546677555777533630e-01,1.182542602836524764e-01,-3.711139268624018273e-02,-1.667345566001845469e-01,-3.042061472428116142e-02,-1.837783607039143452e-01,2.334445226287877248e-02
1.406169222434431321e-01,-9.553904560543570110e-03,-3.232472333345041970e-02,-1.142061374574126903e-01,-4.146939320193348058e-03,2.354205804974480731e-01,7.885160218863636328e-02,-1.550693619978102678e-01,2.491991908115041288e-01,1.981056269862763522e-02
1.117595588082254954e-01,-3.249130118151662971e-01,5.721137934753236370e-02,-2.064783416505022451e-01,-1.439436717629363760e-01,1.540817215936200468e-01,-1.052349075512740324e-02,-1.093513931043030157e-01,-1.819327803783922504e-01,-1.106254585231698784e-01
1.100349990015049156e-01,1.937966618198346813e-01,2.900402258835030334e-01,-5.486838577255946561e-04,-3.269631108084614796e-02,2.306508382882833594e-02,3.833332261746314612e-02,-3.028895787119273431e-02,1.135216319414754510e-01,2.051972282591659480e-01
4.426107435195073686e-02,4.236893820896254007e-03,1.595409993298751716e-01,-1.705859068024826938e-02,-1.160872699602457231e-01,6.581037476952771026e-02,-2.279877212376882692e-02,-3.457080240925530790e-02,-2.002973186529320992e-01,6.227837863198678464e-02
3.977130102860103322e-02,-5.774784292219424693e-04,7.455061324091841191e-02,4.356620011114999830e-02,4.677331347029672209e-02,1.573523201556586704e-01,-1.722128108454951956e-01,-1.074429092355720233e-01,2.009654812125999945e-01,2.549824276990805272e-01
-1.128723157476743955e-01,6.480955641043936732e-02,-1.015819803204649763e-01,2.401919425383561013e-01,2.781147046473823603e-01,8.188025662075709395e-04,2.784621519186452621e-01,2.536905809510149878e-01,1.008947969913834702e-01,1.239813415510774841e-01
-7.821485473152590658e-04,-1.433268628398352562e-01,1.595334857309806675e-01,-9.431396212641510179e-02,-1.392757237482616373e-01,-1.323341277423784219e-02,3.079839094622158768e-01,1.088919334722437543e-01,5.514293887969001469e-04,-7.551821721535507959e-02
1.603397862092305615e-01,1.104692966666998531e-02,-1.307489686013173225e-01,-3.318112649482497095e-02,9.759340741811601541e-04,-3.467394953839443850e-01,3.098210727957822486e-01,1.174433536467735517e-01,-1.815409007875668501e-01,-6.461440785125643904e-02
1.742404772588169171e-01,-1.765643059950788851e-01,4.427095396663182497e-02,1.147446622823896506e-01,1.016187866629459230e-01,7.615222602713034306e-02,-7.619982780269513034e-02,1.321932415248554954e-02,-1.413176813487564132e-01,1.352607044606025932e-01
2.047369182051404224e-01,1.185419378197068163e-01,1.096090368847492114e-01,4.343359105850645024e-02,-3.787978975833669951e-03,-1.929398915022497232e-02,2.085849060679524913e-01,-1.364083613060118605e-01,-2.197604120592171195e-01,-2.743899789795519739e-01
5.768649617114362041e-03,-1.556912877180922361e-01,6.920541122621387542e-02,-3.563611256114406767e-01,-2.202570264803732913e-01,-1.756599245548507437e-01,-2.279979607531577579e-01,-3.332254944515387618e-01,-1.211123402761002388e-01,1.064048432609854440e-02
5.903312202368707351e-02,-5.669019501434557039e-03,-1.140515091026074457e-01,-7.261237807328010940e-02,-2.082000501911804302e-02,3.311416949980269808e-02,-7.381040541268360511e-02,-1.524857730925687216e-01,2.026100844110713482e-03,-2.756524373335226662e-03
2.058054739580225390e-01,-1.335979957999982037e-01,1.780718847808904770e-01,-6.044617480251095881e-02,-6.330114272557424426e-02,1.974739544827009141e-01,8.040428738105487305e-02,9.127167672968705681e-02,1.468429308911809936e-02,-9.016775226230799856e-02
1.296480575028192417e-01,2.271705707221940707e-01,9.029267513781830123e-02,3.070983171251125965e-01,2.557113049337926269e-01,1.620138760834074487e-01,2.073324944400640468e-01,2.347411725973659324e-01,1.040978795162733270e-02,2.270076411492011337e-01
-5.271462497602003722e-02,1.787535143058912035e-01,5.760622262812375299e-02,-6.889857565568272002e-02,-2.139125685922688702e-01,-1.466371426201605859e-03,7.488888587464101639e-03,4.358245131957582674e-01,-1.028500295523167019e-01,-1.234197198311026006e-01
9.421177487355369973e-02,-9.888405932110005958e-02,9.739267756903248474e-02,9.088023395795453985e-02,-1.373915924557241042e-01,-1.911294780866196197e-01,-1.545708393926236712e-01,-3.124395642757694103e-01,6.852189513930209697e-02,2.631826921579276668e-01
2.543275877180755512e-02,-2.810401956255544897e-01,1.377018327989711632e-01,-1.248633531849180078e-01,1.391666064764899013e-01,-1.982247852132054122e-01,-3.556936231450091856e-01,-2.323815013714324307e-01,1.508961205259503890e-01,7.200744714246005984e-02
-4.242264263653906797e-02,-1.843376403138810016e-01,-9.434223791251718227e-02,-1.164637058935823026e-02,-5.497413855713560032e-02,-6.097781622028704968e-02,8.245621543731129766e-02,1.679771356311266298e-02,8.830616053359852113e-02,-3.144281035468814434e-01
1.229990051395509765e-01,-9.845923721658900174e-02,1.505017126879131528e-01,-2.200009354739844436e-01,-1.487202851609236987e-01,1.861882718929353669e-02,2.241524359956147128e-01,-3.117518505029059916e-01,9.389099440640763516e-02,-2.805856381285229961e-01
8.680234455725716058e-02,-1.386981613297210147e-01,1.394785597697874024e-01,-1.523132105356314880e-01,2.249481740958859666e-01,1.861561664090975732e-01,2.212339266921007352e-01,1.113849911332767152e-02,1.023487075550978398e-01,2.548552449154789165e-02
1.181202704767214812e-01,-2.600079397104899104e-01,2.466061651553924303e-02,3.473900616147119758e-01,-3.413287890671930225e-02,-1.876560932160227513e-01,3.828527968310498075e-02,2.027922755348020578e-01,-2.134060850434811307e-01,-8.156464080728036137e-02
-1.628609497983565801e-01,7.562567161562092077e-02,2.404413332340081255e-01,3.326749415630438356e-01,2.517213879233446971e-01,-7.832950076285702390e-02,1.959742235845930991e-01,-9.418875122144559908e-02,1.914140516744066156e-01,-2.849838838539566974e-02
-2.946693627794874648e-01,3.987542200431364731e-02,-1.651710064155744728e-01,-1.279398670888530487e-01,-2.086260583391138512e-01,2.098107054733303889e-01,1.190518031100485236e-01,-7.613771227763313498e-02,-8.530203450508140606e-02,8.115981111609661680e-02
-2.683201072488953717e-02,-2.488857290009570400e-01,-4.938325483447472686e-02,-1.754239252097119783e-01,1.434639595792530364e-01,-2.049351073682235957e-01,6.847189988617603806e-02,3.475523736111701956e-01,5.262029262076348829e-02,3.104975278027709562e-01
1.694772731642857910e-01,1.285873893208734353e-01,-5.306808956026207863e-02,-9.362474198892635491e-02,9.552487336124641792e-02,3.212845727633740212e-01,6.807726521175523626e-02,-1.964899637439380953e-01,-3.897273132112219485e-02,-1.537271621130658905e-01
1.957459399379411491e-01,-1.343709560742035458e-01,-2.910013918018270612e-02,3.865371834663376693e-02,-1.722815587960080108e-01,-1.396973371250851692e-01,-4.047476624170524839e-02,3.138757528708902012e-02,-1.004158127428959740e-01,1.780900736247827409e-01
-2.078024277505547898e-02,1.162288885285439333e-01,2.272766303203191396e-01,1.205662649753650728e-01,1.972096953647793083e-01,-9.475604107472926363e-02,1.252866378538010916e-01,2.777768410360123563e-01,-2.548026936349366833e-01,2.015557313053036037e-01
-2.741649457126990597e-01,-4.191093721275563899e-01,-2.400006908538864503e-01,-2.603601274931895415e-01,-2.218445404881933258e-01,4.930096182077507022e-02,-2.239822930105413723e-01,-2.298027100141768475e-01,-2.474720396369898545e-01,-2.375920331490455617e-01
1.021104862854812084e-01,9.061067920373622187e-02,-2.118695884482955094e-01,1.298486229557045853e-03,-1.504200642250709263e-01,-4.304977042184251340e-02,1.476108081262425820e-01,3.553402604915839591e-02,1.176434042023603022e-01,-1.948730295275462321e-01
1.959144045492691721e-01,-1.647383868315360489e-01,-1.868319316958707565e-01,-1.739756258404133171e-01,2.554673196804169155e-02,-1.109556427267192891e-01,5.329545140930259245e-02,-1.384448177176141326e-01,-7.104651921283917232e-03,1.039571700208289651e-01
-2.690861038075745282e-01,1.983783593789303634e-01,8.853952313734471391e-02,-2.137676226523156087e-01,-3.232232875493668695e-02,-2.929185023054359793e-01,-3.120771343571832057e-01,-4.998410964803400719e-02,-1.668104497065866498e-01,1.207084694715532692e-03
2.904176862463606068e-01,-9.672867121479576669e-02,-1.552495995171336574e-01,1.306384788096247307e-01,-1.524474098778279552e-01,-1.090932990730085900e-01,1.455728693908794891e-01,5.909743626526930971e-02,2.141868423031230706e-01,7.338881892066684287e-02
1.603880324260771317e-01,-1.712126629259720367e-01,1.069896547620536598e-01,2.013522904403508562e-01,-1.462651102975096595e-01,-1.269292138752287080e-01,-2.530352148958817660e-01,1.239234749375308225e-01,1.487377781076714145e-01,-2.459425445074283137e-02
-5.376000214061119054e-02,5.131481483954452444e-02,3.347450697015201260e-01,-3.238658805764293436e-01,-5.957593150834711998e-02,-1.965488982986078603e-01,-5.701240761011277386e-02,-1.050298480755682273e-01,-4.421725099327531994e-01,-6.392078434730599779e-02
1.852245888847351973e-01,-1.281477199127559752e-01,2.311658507641354277e-01,-1.908700949022252291e-01,-9.198942603049661826e-02,3.990042722964825400e-02,1.314748133318063283e-01,-1.162549426207415554e-01,6.204027046911948784e-02,3.934335270220255809e-02
-1.970387983406898542e-03,2.365529344968885506e-01,1.482694839599107139e-01,1.239351485706038924e-01,1.228172163511892859e-02,-2.264381540262145331e-01,4.086512817749815007e-01,-1.560156188217310669e-01,-1.112715853659025506e-01,-2.179415228278007710e-01
-9.728372007306385072e-02,-8.194927607451633900e-02,-9.144329226202813077e-02,-1.011697180890279851e-01,-1.057967363198872440e-01,-1.393984927855197176e-01,1.734495096275003867e-01,2.043116879755880466e-01,-3.323307031584326610e-01,-2.296126867398664007e-01
2.579431147265423552e-01,-5.604638916489202566e-02,-1.584237093175142747e-02,7.245235718170896233e-02,2.219884141603726269e-01,-4.512783460825692955e-02,1.192116670616146096e-01,-6.163541267105994426e-02,7.288243923866849494e-02,1.199270682105428587e-01
9.133232783897958507e-02,-2.758463148462333425e-01,1.088421457092465239e-01,-2.172780067277873053e-02,2.125466284430876374e-01,3.085166990783755683e-02,-8.307541663982330460e-02,1.059795212802661923e-01,1.175882860636282001e-01,-1.988650701349193306e-01
2.482877081958383136e-01,-1.524281702156492502e-01,3.549229450066418434e-02,3.556463556009850646e-01,2.714777200665554058e-01,3.122494409126000403e-01,-1.972354018981473389e-01,3.212770207486395635e-01,7.674536813830780402e-02,-2.666480933158585712e-02
1.630388680871832918e-01,-1.941879407308351180e-01,-1.482953108723581437e-01,1.055528436566277456e-01,-1.950824703680655373e-02,2.948812087641996052e-02,-1.727678529727637857e-01,6.696960115549688286e-02,1.517298455261308354e-01,7.632132581841383212e-02
-3.179195859018841275e-01,3.234287381281616969e-02,-1.659277120041022235e-01,-1.028801587822686936e-01,-1.440349101769439477e-01,5.387689173581283741e-02,1.611462180013253642e-01,-1.720015167670107537e-01,-2.226928184587736725e-01,-2.949758258651312692e-01
1.328124345100940296e-01,-1.226748829624879772e-01,1.302268979851227970e-01,-9.260674833268960765e-03,-3.421305936901422595e-02,4.043385109694511842e-02,8.613820563378614403e-02,-1.492537718843862937e-01,7.242593739599988145e-02,-6.768021912469779355e-02
2.834401430226045349e-02,-4.299620534968916913e-04,-1.082786544995471417e-01,2.362893603412350718e-01,-7.222922309409071651e-02,1.699875507941209507e-01,3.510509026269043042e-02,6.729064892972767831e-02,-1.306485542239669562e-01,1.247158654563839883e-02
-2.702406246756472799e-02,-1.443432131518243534e-04,7.837610370757737421e-02,-1.676309979911837396e-03,-5.782042385791424932e-02,-2.743784013882539785e-01,-3.138907919221712861e-01,-2.458987745272085135e-01,1.031108671879652286e-02,-1.883795687885992942e-01
1.171521438150357336e-01,-3.161817982116803954e-02,5.772974845635180097e-02,2.884567657994555612e-01,6.529781890473382311e-02,1.680394235861205343e-01,-3.992678299995771479e-02,-1.355539613547141475e-01,-7.403972555538586298e-02,-1.045947245798077296e-01
-6.740391570476864103e-02,-5.895834757198996356e-02,-8.945328165526726660e-03,-1.476843411662906169e-01,7.558458013801280795e-02,-8.839729503712012715e-02,-1.986950342654070570e-02,-3.699545418619108739e-02,-3.426400443074379409e-01,-1.479469503936802766e-01
-2.354390186943722540e-01,1.961924425588093268e-01,8.147209103953557963e-02,-7.646043021424438202e-02,-3.083900232307804079e-01,6.397474813894346232e-03,4.691816707912382922e-02,-5.706389721213014216e-02,-8.385202165027284826e-02,8.831086337430896216e-02
6.897785800871826523e-02,-7.120468716694039468e-02,-1.686388916047859010e-01,-1.957081056167212507e-01,-1.648568520182368824e-01,-1.260457858617713284e-02,1.026451301394364635e-01,1.078895234279807387e-02,-1.472050435095798582e-01,-5.832848145070744506e-02
-1.935867757850822171e-02,-1.691746599579038723e-01,-3.224653123766759721e-01,-2.401218658572440434e-02,1.190844422364107646e-01,3.218113649317687064e-01,-3.044481171502923592e-02,-2.562928612404574147e-01,-4.488877163140365251e-02,-3.002454642254765438e-01
1.741395952669651526e-01,3.064893183420969724e-01,6.299424777724135782e-02,-1.157411315211075292e-01,8.624945946381087913e-02,-1.798796363845425184e-01,5.002641800921057286e-03,1.652251845745698611e-01,-1.795744114954940795e-01,-5.556415624500418704e-02
-1.541718103092786125e-02,4.099886659444069992e-02,1.293510072299430998e-02,2.125361756505956060e-02,5.801382846045371328e-02,-2.901675447184793102e-02,1.600890412483408631e-01,-1.641927951737349664e-02,1.261128654298879770e-01,2.269424955001879129e-01
-1.103052899703825529e-01,3.802169684210010558e-01,2.576212078817447307e-02,1.914794749712807054e-01,-3.021277274135487564e-02,-2.129576193951638330e-01,-9.239255134511914491e-02,-2.756973567959807303e-01,-1.712246894668462485e-02,-3.220075328057240283e-01
-1.350953149205324014e-02,1.762032624238932255e-01,2.230788067393758498e-02,1.333977882835119533e-01,-9.787595356951453440e-02,-2.873955446280587051e-02,2.868896646075057566e-01,-4.743765076100649875e-02,2.592748907228042965e-01,9.619866139190774712e-02
-9.526553545199197004e-02,-1.851282304210705443e-01,-4.837500334274411062e-02,3.188192601997209552e-01,2.896384934996762764e-02,3.388389215147671885e-01,-8.474671273996198240e-02,2.992389562506991840e-01,1.556184094516894767e-01,-2.398229836685279726e-01
1.612960154646625177e-01,6.710379537521972415e-02,8.456625778284704298e-02,5.827987420698076126e-02,-1.128267383855106019e-02,2.983535386194299255e-01,3.971869272111488297e-02,7.142321015037991772e-02,1.307028151927615289e-01,2.253172743192055072e-01
-1.764950460074282343e-02,9.684519792762436019e-02,1.056531808277917234e-01,1.435155999355997858e-01,2.009255407658070425e-01,-3.374722802878227929e-02,-6.820100850182586605e-02,-2.809405600179822396e-02,1.880313220501617644e-01,-2.818420526806506704e-02
4.290828173851166799e-02,-2.059530197967305021e-01,8.890522404614612309e-03,-1.501086823322409815e-02,7.760060264144839903e-02,9.525720197311683679e-02,1.615484692598775918e-01,-2.354652047411153609e-02,-1.085946352445964908e-01,-2.795528797552901748e-02
-2.270041335439979546e-01,3.368560762019076615e-02,-1.428417404104758912e-02,-2.695297449174223134e-02,1.618646172055294430e-01,-1.926532384327838895e-02,3.460752037619369004e-02,-2.234100266521812928e-01,-1.217988457570262084e-01,-4.269934150676003154e-02
-4.968920259680122131e-02,-1.579944441257409016e-01,7.177124827264855234e-02,-1.474436870020166129e-03,2.577144092938643549e-01,1.365119547154300048e-02,1.241474438657096530e-01,6.762390376939271530e-02,3.091224041187313337e-02,-1.123714619751428334e-01
1.049191606449573627e-01,-2.949094896516576969e-01,5.701762993022569531e-02,-1.668044155456296085e-01,-9.903364595865744857e-02,4.266767341533594243e-02,1.766124003369746176e-01,1.839028888493632885e-01,-1.703832810873596448e-01,3.092914967156967787e-01
-1.362858950893213461e-01,-1.215127374063240118e-01,9.166245711973620980e-02,7.396046883893268864e-02,1.776760145107902644e-01,-8.909169833777491609e-02,-6.604322402048344587e-02,-6.701344565036893020e-02,3.855270045504619603e-01,4.646134006090928831e-02
1.441397994798973292e-01,1.833711132257558052e-01,2.056596066262479094e-01,-2.457814857415524801e-01,-2.550916725668048168e-01,6.007398457531470948e-02,5.491201029253606897e-02,-2.223542142602964733e-02,2.575396584109602705e-01,1.666613137273537382e-01
9.151957518163364447e-02,5.758161682668545139e-02,-1.240762315353251266e-01,-2.007362220420936746e-02,7.486397992004430527e-03,6.295434582652754962e-02,-1.858913530502468991e-01,-1.124740983688065771e-01,-1.507572437568946155e-01,5.196377387811069309e-02
-5.210602394309773316e-02,-9.475228354826563393e-02,6.171174695160830392e-02,-6.464371943648221375e-02,-1.273245506240696379e-01,-1.649063423259744254e-01,1.685755357271509491e-02,-1.908197358156298040e-01,1.212637890909331467e-01,2.038644595924681835e-01
9.127523028442273076e-03,-2.781274407923393088e-01,-2.514940682348539291e-01,-2.436391402931246397e-01,-3.498772651672014955e-02,-2.779338728385015722e-01,1.201703492429745668e-01,-1.929240891401328983e-01,-6.757430818424516560e-03,1.626736782517907223e-02
1.768804023597622677e-01,-1.268490758177472089e-01,-1.356962310742095435e-03,8.363295021374253513e-02,-1.337146753816147171e-01,-2.302241921087908316e-01,-1.076288484478062774e-01,4.091427995377123344e-02,-2.247590284463939769e-01,-2.579724454214384899e-01
1.693371132749503238e-01,1.814788221102761655e-03,2.057962432648768047e-01,2.174484986879577919e-01,-6.256844774604197745e-02,-1.253739804300281757e-01,-6.599142320837028675e-02,1.401412990743204634e-01,1.811819462009082726e-01,8.049294534833723036e-02
5.731401913825806549e-02,-3.067040153783959222e-01,2.661713070606821496e-01,-1.034035892055628764e-01,1.688635951331049212e-01,-8.628006274008379051e-02,4.830837937719877073e-02,2.208670371308487923e-01,8.405899301012398697e-03,-2.858982136106072991e-01
-7.780316353195393386e-02,-7.456847499627525244e-02,2.681950933671978232e-01,-3.108155333452663691e-02,-3.800418569211192477e-01,2.233708002822244187e-01,-2.458835742381428324e-01,-7.569301799643387597e-03,-1.044343290087552667e-01,2.943085972998054078e-01
-1.080155050210835632e-01,-2.307503283535574934e-01,-2.203093044494769670e-01,-3.240363236913810230e-01,-3.326633481593901931e-01,-1.650846148507234823e-01,-2.599574279508973240e-01,-8.700408595429193204e-02,1.521324980550524675e-01,-2.622832979724363800e-01
-8.745662638641431286e-02,8.514437420322118824e-03,5.130322250965738684e-01,-1.576498087788537061e-01,-1.440325521264203823e-01,1.151109512611905167e-01,4.792064945784335617e-02,2.335674036410140819e-01,-1.363570767780002656e-02,5.331766320326802172e-02
-3.128203540280530826e-01,8.609056092501135571e-02,-1.041472374692551800e-01,1.567280243937992090e-02,1.146829097763810562e-01,1.700041970482523424e-01,1.502657461694230923e-01,-5.812278077074601451e-02,-3.928877897534988617e-01,5.704646700245369351e-03
-2.506537405886778980e-01,-1.511109291170944779e-01,2.449861661970034188e-01,-2.988212608873965295e-02,-7.194043807758229714e-02,-7.675683430610190372e-02,2.307806750823018782e-01,-1.019801790570030037e-01,-2.870132269510959344e-01,1.499624970422955839e-01
9.192057680083855209e-02,2.281808066504860677e-01,-1.662111660356779819e-01,2.921936307395371635e-02,2.328892680352114553e-01,-7.503256009613162858e-02,-2.651176903609042679e-01,-9.833018826252627742e-02,-4.111117556811523521e-02,3.627237611993962552e-01
-4.007983849962483414e-02,-1.297293696869226687e-01,-1.138992355586431610e-01,1.908847444113388053e-02,-1.592969244704683096e-01,-2.975720348855074790e-02,-2.785971211322348928e-01,2.096953989013086161e-01,5.054545411935681271e-02,-4.443526255266481290e-02
-6.080342417149592338e-02,1.818545148924504140e-01,-1.202000893190423580e-01,3.508252714861903043e-01,-2.924530598924206526e-01,7.693076858862228640e-02,-1.510768449790998724e-01,1.132153707770665041e-01,-1.449705727642419673e-01,-2.106501476242075496e-02
-1.255705270007016761e-01,2.828306678718884859e-01,-4.439424460907104991e-02,-1.939713533419998581e-01,2.302548464002023704e-02,1.989760015515927294e-01,-4.555219356068283820e-02,-4.099776672269096756e-02,-3.463882792837712221e-02,9.777456318959240611e-02
-9.709624632416354040e-02,-1.883802015433600208e-01,-1.461092166115701974e-01,3.283113241516674025e-02,-8.406408286122055151e-02,1.629295679181627932e-01,-1.210668754416823617e-01,-2.572386995324377756e-01,1.297429640864921074e-01,-2.643404954955185480e-03
-2.405395092619440345e-01,-1.081366923203342240e-01,2.319397034877171415e-01,-3.445316948810134838e-01,7.343074759259826667e-02,-5.108811301564090274e-02,-1.583716153689774531e-01,-1.772254729215206326e-01,-1.830229590866272460e-01,2.316040656524813446e-01
6.514232485648965842e-02,-2.668955587753380626e-02,2.189016344277897597e-01,-9.826664458436137894e-02,2.131106364747252790e-01,1.844078561589688747e-01,1.988392606954872965e-01,1.721047779223803809e-01,2.626804812366074215e-01,-6.646772310108069182e-02
-1.262463426314801296e-01,1.093616589959336832e-01,-6.466454899291443348e-02,1.209063154563185527e-01,-2.070967236717775536e-02,1.254516240333009881e-02,3.514247339749591581e-01,-1.001519889787856055e-01,9.187168047247699920e-02,-2.304341777283773762e-01
-8.319510041393551880e-02,2.118601739177282742e-02,-7.623283515233170160e-02,1.870249147405518286e-01,2.552210231715325572e-01,2.783921007220050980e-01,-3.144189704300605348e-02,1.151799816377180180e-01,-1.779589641669194200e-01,-7.771466012405535417e-02
1.255070687007381336e-01,8.804855188866382923e-03,-2.085226040556753188e-02,9.550876336166103445e-03,-8.925543289088221088e-02,-9.793312856404651212e-02,-2.083093216457011509e-01,-1.510279120148498300e-01,-2.239499081606024233e-01,1.284470059243840445e-01
-4.365102330988564899e-02,1.825177490492108645e-01,-5.974578697820895172e-03,-3.968672168671064787e-02,1.247090832004189298e-01,-1.160192953295377943e-01,8.654816154835559550e-02,1.828517076613417058e-01,8.614872517196982271e-02,-2.333052122725419453e-01
1.567610064234885581e-01,1.948079807665881180e-01,-1.729064178190307249e-02,2.270375807104912935e-01,-1.622008884875845991e-01,-2.715019226344588255e-01,3.455278981192839993e-02,-6.018777396273703589e-02,-2.074835727566562427e-01,-9.813251258623777173e-02
-2.622684982720518421e-01,-3.524127105627274104e-02,-1.196477982378134769e-01,1.192278059839333992e-01,-1.097736341200075405e-01,7.060334636445839140e-02,2.583829123305792508e-01,-1.157612920932674511e-01,1.153100920351496500e-01,-2.501345958352628740e-01
2.146172345383609015e-01,-8.560308928473597812e-02,-1.833146498598703378e-01,-7.302678318948632730e-02,3.474462889678132660e-01,-1.124648357978921542e-01,5.939937351006736171e-02,-3.014714163643449907e-01,1.681983492038554781e-02,-4.265428945021131762e-02
-1.211527931891527299e-01,-9.287649948217108209e-02,7.845417148555459963e-03,8.168886390618312898e-02,2.971433322378544961e-01,1.095462445336898849e-01,-1.223971687917816409e-01,1.217597007804736980e-01,-1.390480373729764685e-02,7.314428044946158503e-02
-8.979466512365141817e-02,1.588741534153110813e-01,-1.831946353590155341e-01,1.401125228211289875e-01,-1.909102971750876454e-01,-9.499258101853837177e-02,-1.748944032076614474e-01,-1.433202130347773773e-01,-5.451624162837540033e-02,-2.199300810704885867e-01
-3.559852858829076760e-01,1.089035932143325169e-01,-1.063582994432820186e-02,-1.008279104018724587e-01,-3.050444079951243892e-01,-1.944746611923154067e-01,1.762217195103255377e-02,3.923562370803938826e-02,3.416827300657186983e-01,2.695137723116617923e-01
1.841955029316252324e-01,-2.847895402458360259e-01,8.016206960156541106e-02,4.274582838938099233e-02,-9.261536995814878548e-02,8.862173049832901273e-02,1.303887078845205050e-01,-1.537339534859537005e-01,-2.669325552862654716e-01,2.268728170896492091e-01
-1.469101937200457952e-01,-3.432174416163549235e-01,-6.029660420373244949e-03,1.327369565230522852e-01,1.728508017076019476e-01,5.511687366687463563e-02,-6.037031176911165226e-02,-2.306344521560358407e-01,-1.132872511314585440e-01,7.385039406960340613e-02
6.292810633880996374e-02,-1.363024174101130359e-01,-3.229888075978414042e-02,-1.934830421156965297e-01,-2.286504868628664311e-01,1.300179200754625064e-01,-1.074232753418954550e-01,1.632100351478289468e-01,-2.022081789772442739e-01,3.884691397983820044e-02
-1.425507487141597363e-01,-6.286207304820307096e-02,3.771050935330848286e-02,-1.195332546794109496e-01,-7.622827019806231730e-02,1.222054333205281895e-01,5.745385617957211172e-02,7.279079975815566650e-02,-8.280964665488974030e-02,-2.449689241753210678e-01
1.803471059389286368e-01,4.327532898308376202e-02,-1.538294961440473674e-01,-6.036892721433419901e-02,1.970401230251135616e-01,-1.344648339958047674e-02,3.631136545741162625e-01,4.459928209475934324e-02,-2.735325037143828547e-02,-2.296931999520417655e-01
1.309009691571165757e-01,-5.950640353099576757e-02,-1.280538193608899422e-01,2.431675656794023838e-02,1.602159082016589020e-01,-1.336362458454053714e-01,2.163823901354423596e-01,2.637454930928863073e-01,5.558524027299061726e-02,6.860796399169215298e-02
-2.480906378379015703e-02,-1.459786980026703263e-01,-3.785298871165148488e-02,-7.278045402800820129e-02,-2.227736552943715767e-02,1.691843657935736822e-01,-2.288521623639782135e-02,9.703558723000159369e-02,-2.082866090875063469e-01,-2.427018355869684507e-01
1.143754486933993009e-01,-3.672421737495056016e-02,1.036347854960723708e-01,-2.307458482220663132e-01,-7.602120551505837931e-02,1.190593306808643281e-02,-3.800525126108986185e-02,4.055590821337573537e-02,1.693223895792892453e-01,-5.627618031855022296e-02
9.406472180214052459e-02,8.895505196270986348e-02,7.068180628391190073e-03,2.475888634657252285e-01,-6.591803868943481304e-02,1.448586987623598499e-01,-1.324247656310849064e-01,-1.110575301550695559e-01,-1.556799928813966671e-01,4.177637735218302506e-01
6.600895643340394525e-02,-3.407560211656966015e-02,1.031051748550359803e-01,-1.083287860588962176e-01,-1.690892811455552702e-01,-3.234854888538422624e-01,-1.873386825898317731e-01,-2.667240502688646500e-02,-4.394725036636831783e-02,-2.671974279669971086e-02
-2.158951160354171533e-02,-2.133891541790578772e-01,3.932459988493679226e-02,1.737882133422670172e-01,-4.961338024556717630e-02,2.449181586160980098e-02,-7.303919700556540939e-02,4.482231631784018566e-02,-8.062308881170453245e-02,-2.365588224778091275e-01
1.834697665795439192e-01,-1.615709261972690380e-01,5.594613877543386932e-02,2.525992210865364851e-01,-2.404133093426168710e-01,-2.147260556465103165e-01,-2.868559941745010833e-02,-7.309614654773505249e-02,2.585931562039820233e-02,-5.178766764417391810e-02
-4.589057998952551787e-02,-2.199769602615786815e-02,2.913011109734370274e-01,-4.008105124375071354e-02,-1.173699679475109642e-01,7.435640364065748686e-02,7.211490660179044332e-02,1.408660357028878318e-01,2.072246395175667000e-01,1.691760392036392446e-01
2.185027830765068624e-01,-1.817401369929547428e-01,3.124907815531944855e-01,1.485282411754638120e-02,-1.867582682351208098e-02,2.274015112300264430e-01,2.330025534039166235e-01,-5.159726769417338765e-02,-2.553283005242891757e-01,8.804562392686424155e-02
-4.826430095605099835e-02,-1.075655410335775858e-01,-3.556151797964005601e-01,4.794567107693314956e-02,1.436873152811535964e-02,-2.541655985073116297e-01,-1.384418512074392926e-01,8.653659471004050696e-02,1.377307418464798761e-01,-6.431307541105711623e-02
-8.754165733513491476e-02,3.192672128307050827e-01,8.550544614294242063e-02,-2.880333637689678691e-02,1.990537771799912869e-01,1.431303938754986405e-01,-3.881668012726111061e-02,2.092449238443994664e-01,1.029685647286086719e-01,-1.477902765688002829e-01
2.400993282253195138e-01,-2.104485967672128921e-01,1.003245508673771130e-01,1.561576982006341874e-01,-4.805623750160400304e-02,-5.820606378553768584e-02,1.731337140658868456e-01,-5.959797765086567028e-02,-3.621137997748612447e-01,6.693876882335003664e-02
-2.082910465659453814e-01,1.762745348542827939e-01,-3.539877447884474670e-01,-4.371811533248923243e-02,-2.859408787472267899e-01,2.740725461515002362e-02,-1.756483275500822228e-01,-2.689682541832876805e-01,-9.648106449944618412e-02,8.125924188131457282e-02
-9.609804827305369612e-03,1.214451026992890842e-01,-1.136204840249414871e-01,-2.533652353459890927e-01,-7.623542684141895731e-02,-1.949533734707447064e-01,-1.966271210513083623e-01,-6.110997845056190952e-02,6.449665276397689717e-02,4.914650869918605475e-02
-1.070296294035878171e-01,2.518765258799789963e-01,4.513357126267059267e-03,1.447620489253967635e-01,6.491805345190566900e-02,-1.204056872640672793e-01,6.614977300389153492e-02,-1.236296730815255873e-01,-3.445872037059259929e-01,4.561969402487231484e-02
-1.848790897783784970e-01,-1.332998457442175107e-02,-2.388219884525341341e-01,-3.139361754088327849e-01,9.550614001943556752e-02,7.009227754434800561e-02,-7.624585512062467645e-03,-8.986327172703538479e-02,7.132518590235491229e-02,1.051444950499627051e-01
-1.119772942836518154e-01,1.301574397769017788e-01,-2.728317666893528837e-01,-2.432305065325152948e-01,1.831830961100947286e-01,2.627434691577941461e-02,-8.493406865150560092e-02,-3.781423449388841007e-01,1.064448970359923308e-01,6.907626431101282494e-02
2.774786611000679692e-01,-8.227518268288121217e-02,1.023641783695198454e-02,-2.106548924179254545e-01,-3.317859783133824680e-01,-1.711837040977157443e-01,-1.274049847588444029e-01,3.792122049639878867e-02,1.388169937268408372e-01,1.532194770419602059e-01
-8.954028676656544672e-02,2.526960361789981069e-01,-7.838240498642376486e-02,-6.490711807823419666e-02,-8.434693736720200175e-02,2.887406723795433727e-01,2.507127679255772290e-01,-1.594026457143234154e-02,-1.390104552344035953e-02,-1.066377359680267395e-01
1.033932582533605427e-01,-2.019092043627572775e-01,2.759058090397231711e-01,-3.529340346378095905e-02,-1.178687483974467376e-01,-3.379388791031052997e-02,1.000156253410412199e-01,1.346084154598034544e-01,-1.545779626969752407e-01,1.905389206740139285e-01
1.515455233578643368e-01,-2.854499218827509788e-01,1.758578488406479720e-02,7.597807130880510074e-02,1.229941952680280309e-01,-1.042164982003760537e-01,1.590041521081604625e-01,2.280078361922555086e-02,-1.677726205784174363e-01,4.394335453950993370e-02
-2.536309865925465701e-01,2.059554266150291912e-01,1.591647735944617115e-01,5.196512550427970223e-02,-3.275114853261718029e-02,1.920761812254926093e-01,-2.277098410065388767e-01,-3.774650524050128797e-01,-1.839051187369106569e-02,2.029798467036594833e-01
-2.630569445192753597e-01,-7.876297747890906309e-02,-3.418809565713818582e-02,2.427468186339407780e-02,-1.455391545018862309e-01,1.213275657106104716e-01,2.189501109701361137e-01,2.946526557119182321e-01,-5.231619130168275317e-02,-3.997529436999908842e-02
9.008226802289930057e-02,1.088444240526619949e-01,2.210301325405887030e-01,2.022703157553812359e-02,6.471726714415596687e-03,2.872887974062372507e-01,2.527252649757324998e-01,2.979173773699080319e-01,5.727869029304247933e-02,8.629821714343881289e-02
-1.457660591882721512e-01,8.529674052574974519e-02,-4.426065146008659884e-02,-2.061411144169084664e-01,-2.565571763488346674e-02,1.210354505747436860e-01,-4.992421701745698714e-02,6.210298197084161004e-02,3.600710435611905597e-02,-1.476536535786103221e-01
1.402127324993585611e-01,-2.221660005164892149e-01,1.305643994953954168e-01,7.109537891283804201e-02,1.141119188758698937e-02,-2.477332182664504501e-01,2.481589687281767209e-01,9.842565264268475500e-02,8.506711326505862758e-02,-3.090216447259642313e-02
1.874386680805446570e-01,-1.091911963169582278e-01,-7.639475733817496783e-02,-1.611623038272417055e-02,-1.337280380382789291e-01,1.031726702912349886e-01,9.757168247769250347e-02,5.587116754531439716e-02,-9.039624960755150707e-02,5.200263145888488203e-02
-3.563948835371036905e-01,-2.161820833282886156e-01,-1.610034328957356820e-01,-3.134056023516621492e-01,-1.254329548656317739e-01,-3.410860030339000759e-01,-1.309704807207135446e-01,-1.852344734273641269e-01,-1.341177761672761315e-01,-3.343649540800721631e-01
1.282066885607982820e-01,1.660713440761762139e-01,-1.530017624193264203e-01,-6.446907997121849310e-02,1.474647422384944007e-01,-1.173431068558070944e-01,7.860738637481276547e-02,-8.598561701776043231e-02,-1.368099083342620981e-01,2.309372334188780906e-01
7.438960834599356309e-02,1.662038045532747421e-01,-1.762914181649150869e-01,7.031112280833639282e-03,2.692249241707519308e-02,-2.463408478528890111e-01,2.807944214943334377e-02,-1.007142101278633989e-01,8.523345191820509703e-02,1.293311334900069769e-02
4.922928283262197752e-02,2.825114450536845290e-01,-8.440333979466159431e-02,2.410851897160884438e-01,1.494587673103802417e-01,-2.853113288684417381e-01,7.844025750531848085e-02,-3.427592491382933648e-01,1.635866512989066768e-01,-8.412539987245300221e-02
-1.543516972446511981e-01,1.655675320612496060e-01,1.547921494838949141e-01,7.006047088580510951e-02,-4.131705244068013122e-02,8.391602044305641883e-02,1.335158023999346959e-02,-2.040462856291571925e-01,-3.615139472368052859e-02,1.790945214439387534e-01
7.280520680816424117e-02,-2.002886783298130358e-01,-2.711437716505235920e-04,5.852176598441795330e-02,1.565841785634671524e-01,-1.500991788152061523e-01,1.539261193973198161e-01,-2.613445946036170864e-01,3.493942835953389170e-01,1.196329510797649182e-01
-6.808735775578963903e-04,-1.230602825730488653e-01,-1.006568489666277710e-01,2.221454532071304999e-01,-1.544689662408917641e-01,1.307906368928511975e-01,-1.017501534610366909e-01,-3.011983081312917254e-01,2.936212232264820976e-01,1.945408801467862769e-01
2.066264486319583510e-02,-1.384329523223234715e-01,8.567174729579939141e-02,-1.802747638437210975e-01,1.234141354152834408e-01,2.755841235241019427e-01,1.756365015455612077e-01,-4.981004627231538917e-02,2.072968554837100463e-01,-1.482584315399807784e-01
-8.943038175697057279e-02,2.286525269750054046e-01,-1.278322694278205031e-02,-1.213354868330109582e-01,2.017908766851281843e-01,1.026929324134627161e-02,8.381417805902667550e-02,-2.975235451185894320e-03,2.386810917739627946e-01,-1.100972492011914883e-01
-1.119863772164172572e-01,1.324625698743462643e-01,1.236569371066035400e-01,-2.031260379255960813e-01,-1.211775843755000422e-02,-2.881755906540793277e-01,-1.278911860651619492e-01,1.968570014140925695e-01,-2.829572031542365584e-02,-1.064211038540445048e-01
2.216205302797238583e-02,5.995680735353797058e-02,-5.232450067289056567e-02,-1.745646922948862756e-01,-9.759989396479995527e-02,1.615081612662236932e-01,-1.974830726777828671e-01,1.791022241455508118e-02,-1.001864895723949961e-01,-1.881391240972636880e-01
-1.127530910572166201e-01,1.677441188714996201e-01,-2.656475757265848794e-02,-7.329966667185443263e-02,2.810058893456118811e-02,1.760204419853220459e-01,5.997660586226038343e-02,-1.125903171756067050e-01,-9.015224304713859160e-02,8.699383357978988929e-02
4.715810572670942058e-02,1.027980191315070041e-01,1.609829867462061470e-01,1.225313351632053016e-01,-1.570830238120609346e-01,2.109222143288860540e-01,4.659906454855021474e-02,6.327400882944379801e-02,-2.312586777467168231e-01,-3.929415631263585840e-02
-7.868016315099647662e-02,1.153214759124386452e-01,-9.190899026498189697e-03,-5.449964690575147264e-02,-1.254032969052545632e-01,6.535784401838147517e-02,7.461802280557920664e-02,3.582970965204482910e-02,5.032743240687067438e-02,1.397041910458919067e-01
-1.353435698190079695e-01,-2.895369453877197352e-01,-2.105485587612960507e-01,2.581856653736668838e-01,2.442032108712092753e-01,1.278733647469068313e-01,-2.055597838497301086e-02,1.643206896155275931e-01,-2.154145980369124788e-02,-3.288614516870396187e-01
1.141967930233257905e-01,-3.148008981889162672e-01,-3.321491841057400835e-02,2.605643335868100818e-01,1.313335569368767608e-01,2.664611838441113822e-01,-9.445836102192388395e-02,1.586703355774332358e-01,2.632643709224182782e-01,3.979148758072752895e-02
-7.170488113887507620e-02,3.267320681071713140e-01,2.587418709351841555e-04,-6.874308223179813326e-02,1.216081204242077524e-02,-1.982311357059527712e-01,-8.876637632688424984e-02,-1.457028433632814590e-01,-9.493023054870483590e-02,1.173692140165233655e-01
-2.665450349361720983e-01,3.017317739431844559e-01,-3.615514916409436341e-01,-2.348683438746606844e-01,1.663465663999185995e-01,6.034222886396611168e-03,1.706280400134991548e-01,-2.449639175500245569e-02,-1.224763252528562468e-01,-5.919997548145355254e-02
-1.825606779349453201e-01,5.758306421165834688e-02,2.661558461542917753e-01,7.866316347364678274e-02,1.929478560507900398e-01,2.598121051352668687e-01,7.748201428572450145e-02,-6.903487275183436966e-02,9.256770824572403689e-02,-2.836664749012721698e-01
-2.445105307064193156e-01,-2.024215888105324879e-01,-1.076916240234782607e-01,-5.153438288843644605e-02,7.690659344715723711e-02,4.024475853041988710e-02,-7.191175381911613096e-02,-3.892152019396812879e-01,7.808513008679796030e-02,-2.014725454002217475e-01
-1.623435079383828417e-01,-1.179458549067792655e-01,-2.032368964833587144e-01,-3.045971847141891106e-03,2.089445523145295192e-01,7.837921249498129919e-03,-6.042392823495344734e-02,-1.143928731921417807e-01,-1.219862122666485332e-01,1.121737795550174638e-01
-7.516546017285893888e-02,-3.358160483802264396e-01,-1.503060332159439350e-01,6.504089971649174018e-02,-2.714355669585201067e-02,-7.369481549268902532e-02,-8.507493610108630977e-02,-2.428227305465430752e-01,-1.163297868248917427e-01,-2.067029174440504768e-01
-7.675041975362922875e-02,-2.331670024255433626e-01,-1.143106702974054228e-01,-3.317347036165881891e-01,-9.156162841828377474e-02,1.474410994244727824e-01,-1.759483106692999177e-01,1.599217455856387082e-01,-2.646858194715234064e-02,2.449063620556171383e-01
1.109897064060104271e-01,-3.442650987022421311e-02,-2.818411788515161054e-01,-1.076496329357610748e-01,-2.765397881904651523e-01,-1.033849528319095989e-01,2.601053427329331202e-01,-8.193897999639404572e-02,1.282084747237600131e-01,-1.768692596811619888e-01
6.178398654636239190e-02,-1.744320854573861435e-01,2.123167428422446934e-01,-2.076345200075586372e-01,-5.608955344717141828e-02,1.677237883327063195e-01,1.124349369576227858e-01,3.648363295601051576e-02,-2.632081057456485129e-01,-1.102537698735146093e-01
1.631204572055662549e-01,1.407426168636728148e-01,4.405763920750681573e-01,3.203031663912585536e-01,1.903111572289619691e-01,-6.378617320473941221e-05,1.231622294336259804e-01,6.306598647984816043e-03,9.285822875745200489e-02,-1.209496402297583449e-02
-2.376786155717601767e-01,-4.687099367647078706e-03,1.308622307567544329e-01,-2.117201844587346116e-01,1.372149560228976828e-01,-4.312948371858693619e-03,1.911502405107251834e-01,-6.389801171927424195e-02,-2.048115211866056717e-01,-1.536133430597499960e-01
-8.908960371506385867e-02,-2.473601337256128574e-01,9.917387215825328173e-02,1.818891007665631998e-01,2.377327377486391224e-01,-1.110092217219727645e-01,-2.497362807921603423e-01,-5.379282794503060378e-02,-2.008551415860287959e-01,-9.469985543754022572e-02
4.802911977776571500e-02,2.193014501435174360e-02,-1.121523643732614400e-01,-7.002107767908229662e-03,3.114732278755472095e-01,3.539946413953044546e-01,-9.601380324630597041e-02,-9.112219151130991623e-02,-2.098908468294492236e-01,-3.047906974786961792e-02
-1.921316936758682148e-01,7.233606070882200867e-02,-1.136787360837124422e-01,-1.183985762343126372e-02,-1.331921101349719805e-01,-9.697320375888145161e-02,-1.731922825383928888e-02,1.572664237064521631e-01,2.559523865795241826e-01,1.135842054315904376e-01
6.577975217568460264e-02,1.580596376740392717e-01,1.148035436710614504e-01,1.667635388772036598e-01,-2.726889671596557374e-01,2.440797711274624304e-01,2.148443182443496857e-01,8.808535325404429073e-02,-2.402994359354782353e-03,-2.310577292477414002e-01
-4.019040115844596528e-02,-2.275593878922927693e-01,1.541606974765799554e-01,-3.779010460912575198e-01,1.307390621180019585e-01,-2.519241758097902628e-01,4.837019942451857568e-02,-1.449359654775932427e-01,1.756184084477376839e-01,1.793362954039793948e-03
-8.223432155987805275e-03,-1.506816167455719002e-01,1.975622670603919551e-01,1.722616204000344819e-01,-2.845873202004318148e-01,1.391957264282536189e-01,2.250700637858484357e-02,1.772856238974239718e-01,-2.025672067705198698e-01,3.423430235402135091e-01
-2.588432581792841566e-02,-7.936201263602804534e-02,5.587336606435357178e-02,-1.309893467117776433e-01,3.537963290903277658e-01,-1.950182709682661553e-01,1.895094245689525059e-01,-2.954023629820975647e-02,2.077221680611151741e-02,-5.183781015902917677e-02
-6.134640265344413340e-02,6.833083831420447285e-02,-3.927476758442335347e-01,-3.603388243277542979e-02,2.769468788898888506e-02,5.624721018480440676e-02,1.598829716561634140e-01,1.975304094317781312e-01,-1.022853853371415156e-01,-4.695897693344119883e-02
-2.164290732206376050e-02,8.350142471269601102e-03,-2.236651539051941473e-01,1.289843684056322659e-01,8.874235260834349714e-02,-1.145487579335174727e-01,2.753941000715285359e-01,8.798759886831779287e-02,2.357136949976210982e-01,-1.361158101351198635e-01
-4.970099499730595144e-02,2.068519042594016144e-01,1.521471059777571300e-01,2.567464272558876992e-01,5.974540113441843998e-03,-3.234084915333164667e-01,-2.275552957153496036e-01,-3.747448800068774177e-02,-2.990305595083057599e-01,7.421872391485014042e-02
2.273460110716931659e-01,1.625802551030403331e-01,-1.647140914161496911e-02,1.083927144614194593e-01,1.901914137515459124e-01,-1.771811356677131521e-01,-1.187514791436253964e-01,-1.382294980629762693e-01,-2.571262093449732111e-01,-2.762693584847360304e-03
2.906843448909287586e-01,1.887301279651019681e-01,2.815844150783633482e-01,2.486172578592743820e-01,2.463945902351381279e-01,2.066215109942642625e-01,4.508133424113067167e-02,1.532016890543672905e-01,1.114196297748104164e-01,2.679369214175683633e-01
9.319408518359056925e-02,-2.568064679051910715e-01,5.100480664821677168e-02,3.756506534552175175e-02,6.853986740337034145e-02,7.277978983759463699e-03,-1.510724527349288082e-01,-1.355763102048417879e-01,1.409650736198157228e-01,-1.653291738423428303e-01
