2.498171917178642343e-01,2.491866802227850619e-01,1.202909757885005787e-01,-9.082556294487096477e-03,-1.567554360243889333e-01,-2.027236590896316915e-01,8.655704316148053745e-02,2.308201610109484603e-01,-7.578918536938299144e-02,1.361464823225072007e-01
-1.025066695230027330e-01,-1.107826528499823854e-01,-6.223437439672276084e-02,3.125341993754847669e-01,2.408622004736309941e-01,-1.776363275995870017e-01,-1.561759140980440719e-01,-1.209495645199078900e-01,-2.033130231092397655e-01,2.788239086880809348e-01
8.256011617345999920e-02,4.171520124688789938e-02,1.931708192562418477e-02,1.020544972358524219e-02,-1.916519186957336626e-02,2.045272248669413317e-01,-1.489144221153462511e-01,8.569590411317380696e-02,-1.934433532439687464e-01,-1.840935435276002397e-01
-1.840650128254272266e-01,1.902116754915148256e-01,-2.740781311943152332e-01,-2.557444174681102744e-01,1.728367125594297907e-02,1.979826368889262833e-01,1.669846774469529727e-01,-1.373670797892153073e-01,1.431679690600591026e-01,-6.611339540051390518e-02
2.392932706145356470e-01,1.185118001732453907e-01,-1.737672584647378671e-01,-1.052272443150587128e-01,6.829820789694106276e-02,2.069119184007889578e-01,1.840542974146806565e-01,-9.411803298247632676e-02,-7.545907586397213040e-02,-5.400148571104191469e-02
2.519181762560556148e-01,1.638676652262572309e-01,2.385155559069557230e-02,2.133372101167421153e-01,1.875333246849119617e-01,6.197736149100821490e-02,2.633642931318986614e-03,1.812445556844377303e-01,2.902855824343459346e-01,-1.834735119371702639e-01
-6.634295436142152724e-02,1.347389612423689764e-01,-2.929929373974895501e-01,7.093837361278641784e-02,7.975836991430085288e-02,-5.460825885405807580e-03,2.460226507916304373e-01,-2.111825918777884559e-01,-2.226109093683288354e-01,-2.622512320637494440e-02
-1.056889137147527385e-01,-1.872135611098107999e-01,-1.055785918583540817e-01,-4.526826738986119286e-02,-1.475598688629062016e-01,-9.820769027588445443e-02,-7.003326462686230991e-02,7.593326209900663759e-02,1.435286070923264268e-01,-1.719663287601694290e-01
1.147667261183232673e-01,1.989182452834899195e-02,1.218778069205784242e-01,-1.669368460537616894e-01,1.794091171667267504e-01,3.778289700380112470e-01,4.732046326064917596e-02,2.821107639705057735e-01,1.179824132057789854e-01,-1.948011768151928017e-02
1.780892392021313497e-01,-4.317580830056318847e-02,-2.002448308904039923e-02,1.388325853331271453e-01,-2.391981804378049553e-02,2.580098860137520767e-01,-2.467340570077987127e-01,-2.653341603035136442e-01,1.360621194649378474e-01,1.405285789535389296e-01
3.393937844134034543e-02,9.374681565746641188e-02,2.056341156246311308e-01,8.119932287435109586e-02,-4.906804539868171722e-02,3.415842087288564755e-01,2.447941262631939813e-02,-1.651139528356146760e-02,-1.459274587162722459e-01,-1.614687335631380949e-01
-1.217908967226341010e-01,3.016046411159368015e-02,-1.327895202905463035e-01,-3.394024030857069330e-02,-1.255878810822736724e-01,1.832449054743877648e-01,2.607959940624252626e-01,9.527762617090151931e-03,1.534422887642518663e-01,-3.536823540031860946e-01
1.075166819051092126e-01,-2.337705084831186719e-01,-2.624856676090959184e-01,-3.425546989865772829e-02,2.980231847422335628e-02,1.583497267505730721e-01,-1.130108307500585080e-01,-1.687554161438443723e-01,-5.666200478998931200e-02,1.286341028726509794e-01
2.405961067818036120e-02,1.932168357947707318e-02,1.847989160632080852e-01,6.346874160026015621e-02,-1.946456517247680540e-01,-8.039770236245285390e-03,1.611144294335973559e-01,-2.091487182144665391e-01,1.387292976046667070e-01,-2.043677322401543928e-01
-3.339442501719976086e-02,1.066922344774965670e-01,1.150120130949299213e-01,-9.343024750377094956e-02,9.107632814246209574e-02,-1.431400610183889421e-01,-4.247487315855626167e-02,-1.509524600401122296e-01,3.070389194869289629e-01,1.534573362652613127e-01
2.446441625339918213e-01,-4.387668715669503644e-03,8.376825882188804195e-02,-1.007556757994581970e-01,8.991736946017037102e-02,2.785104583036412396e-01,-8.809333548866992575e-03,-2.771744744845063280e-01,-4.251815873507385629e-02,1.304099327778016348e-01
2.765542569733350220e-01,1.549293018367030317e-01,-5.117727078453550293e-02,-8.877858447631467587e-02,-4.510051393249686624e-02,3.782335848471883588e-02,1.146651139006556325e-01,2.266033272610394611e-02,4.298143895666664549e-02,1.460096089857614021e-01
-9.735493605149046770e-02,1.977470492817938741e-01,-1.404533832040435470e-01,2.350337802150810340e-01,8.982381067858183701e-03,-7.874295352699864012e-03,-1.151538291632791394e-01,-5.706024849819273104e-02,-2.339731388079548460e-02,1.288243341811683429e-01
-9.985425163026409590e-02,1.219740052282725778e-01,-1.313749112641670880e-01,1.209020135776664312e-01,2.926886749131552556e-01,-2.104559326846102696e-01,4.210819340306615893e-02,-2.138479667284649555e-01,-7.001760660589606555e-02,-9.443330253336024160e-02
-4.213501480406196126e-02,-3.188251946130706838e-01,-1.007745349635680993e-01,-2.604228363466680185e-01,1.243465167035019969e-01,-4.008113537252746550e-01,1.624508669097115832e-01,1.545475966955889013e-01,1.539942850032534338e-01,1.014080308703856764e-01
-2.296340362041068145e-02,-8.714777124525879826e-02,5.061088231327436765e-02,2.405163679081521733e-01,2.762607443918934647e-01,1.834686126939508999e-01,1.433069533483279367e-01,-1.797260499507865456e-02,1.078106903304097280e-01,-4.107284465500021797e-02
2.705066853556848949e-01,8.620430329551594106e-02,-1.499361009774076436e-01,4.215174876669640636e-01,6.101924351409488551e-02,1.625012116460904099e-01,-7.634041783954728655e-02,-2.332055414553300121e-01,3.126925364703713739e-01,-2.511548400558361593e-01
-7.649064157773548256e-02,3.978627927243162943e-01,2.335685469264100200e-01,2.576469328218276011e-01,-5.364205462861680596e-02,1.855637433212832532e-01,2.727751288756252723e-01,1.493728980538127082e-01,-1.930622285076598332e-01,-6.413653648710913868e-02
-1.661970809604165489e-01,-1.591490643616621792e-01,-2.595983624167649915e-03,-1.431956119421012863e-02,5.910887744662296495e-02,1.990974513061881113e-01,2.329028255626044430e-01,1.790414918588964510e-01,1.555436603833776077e-01,-1.643424779310924677e-01
6.443864494516686470e-02,1.059473897728482189e-01,1.888263762712962257e-01,1.048246455899521645e-01,1.085521395524876309e-01,2.020176146686973873e-01,2.484644745167417512e-01,-2.235941840505459473e-03,-1.029749399545159261e-01,7.686696496435630474e-04
4.259247954710869422e-02,-2.400386048873909828e-01,5.840281201325652621e-02,-7.635650067374670502e-02,2.901578223636432918e-01,-1.740250772472199392e-01,1.167570556835932465e-02,-1.510471545841488294e-01,-7.248342159741288926e-02,2.546837157422521258e-01
-1.064740477229368237e-01,-1.691894756603671557e-01,-1.316473849596557291e-02,1.470557427712365084e-01,1.263667243345088509e-01,-1.891053227300630232e-02,1.105018712499954564e-01,1.988657438378426401e-01,9.957499846975928492e-02,-1.426007265585219619e-01
2.291264818687823723e-01,1.162901481923677982e-01,1.833442609865210959e-01,-8.138790155605624133e-02,1.018690137279757053e-02,-2.489801415776829729e-01,-1.619470088638017835e-01,4.753682182156213076e-02,3.471587757471111813e-03,2.665030387116729682e-01
1.772992927835222443e-01,-3.618888837327594726e-02,-2.396941737608512257e-01,-1.053910443680866919e-03,9.670462060481091471e-02,-5.430380328047249017e-02,-2.796359689785476998e-01,-5.862331577291388096e-02,1.521081349252671744e-02,1.147593581786842815e-01
-1.784609149054658672e-01,-9.058770866524858134e-02,2.455568918413153778e-01,6.734207049820219171e-02,-1.412152202710200040e-02,1.389422301961237664e-02,-1.593984637414043448e-01,-5.167792715626254307e-02,4.191787012268801196e-03,3.893873471704319411e-01
-1.538516312190040258e-01,-3.207815447756784399e-01,-1.188160762880732454e-02,-1.550222325239096477e-01,-1.845359998010427105e-01,-2.379940847507329982e-01,-3.394229637780016989e-02,-1.592040525185734745e-01,1.511890284833872500e-01,-1.700700182075329525e-01
1.020591094769961460e-01,1.173350179613235483e-01,-4.726357267450398414e-02,-5.442289520581156115e-02,-4.330474868531180438e-02,-1.476091424287187016e-02,-1.102599953876786248e-01,-2.323356086150007299e-02,1.654815168074810217e-01,-2.583081877771849656e-03
2.045311790338246241e-02,-8.094006829098171485e-02,4.169717033237999027e-02,-1.254503728666342757e-02,2.866423439354120681e-02,-5.265444304480116494e-02,3.072753187873621117e-02,-9.584203645644117503e-03,-2.304991219985637052e-01,-2.040868086752575805e-01
-3.253099532965322838e-02,2.285758557100265112e-02,-2.729213138428519536e-01,4.605394503060428191e-02,2.712357479856877251e-01,-6.092735145852734568e-02,1.359737416466747784e-01,-1.774124573932578039e-02,9.180154794953013231e-02,2.132048474053531706e-01
8.032180859738492773e-02,-9.891996479227430084e-02,6.696780207159361287e-02,1.255942411121258040e-01,1.638801352707018044e-01,2.103522283020959893e-01,2.391521767189554171e-02,1.946643846409793210e-01,-2.328411562564269843e-01,-3.664242886367443525e-02
-1.024390734533555947e-01,-1.193033139001996139e-03,-1.607614979211871298e-01,-4.043841215676547557e-02,-1.056951303411816923e-01,1.006002094101515060e-01,-3.734133864782709228e-02,-7.632512102233623974e-02,-1.679555564199642359e-01,1.027653091086954268e-01
-5.009491502552345689e-03,1.193961868940119075e-01,-1.758818345051172682e-01,1.161414922638821373e-01,-2.696568273342159552e-02,2.736804791769986180e-03,-1.860634975202329622e-01,-9.607377436869748988e-03,-1.638652935210320460e-01,1.118436880846891968e-01
-2.130775457415845231e-01,-1.123592210108359524e-01,-9.553919832110287225e-02,1.652649861287096289e-01,-2.468322909317602690e-02,1.943082419598688923e-02,1.106512216057364689e-01,-5.702958663596099237e-02,-5.701858367705676944e-02,-8.847187900502435920e-02
7.350153984664137274e-02,2.104181714888090915e-01,1.304300762683797965e-01,-5.921555849967099355e-02,-1.646960048744485969e-02,3.911547267396346672e-02,-1.770838825543047668e-01,-1.210389264856348984e-01,-2.267995738963465568e-01,-2.331652151527180694e-01
8.527594900169996328e-02,2.700823154339481585e-02,1.215851008931761873e-01,-1.849929767870126807e-01,-1.331122214467493903e-01,-6.665639402451301043e-02,-1.036170904960612843e-01,-1.878559946017689108e-01,1.964513503817639506e-01,1.714428979809226594e-01
-1.106919604672006591e-01,-4.852710300580972969e-02,-9.378614859241411750e-02,-2.018205259828624032e-01,1.539447903300399378e-01,-1.601406628726245174e-01,-2.309314221041438298e-01,5.895680963420503462e-02,2.756197863162525574e-01,2.198147626538725918e-01
1.507563675178224816e-01,2.203944198943675603e-01,-1.579921869026247316e-01,-2.329794546853461712e-01,-1.639797759730185142e-02,1.204290174839660332e-01,1.452160767132614633e-02,-1.395786399021532176e-01,-2.479622054600727210e-01,1.063892423463781850e-01
-3.594300912893069744e-02,-3.099626315104481861e-02,-3.666100379369217621e-01,1.608082579969041803e-02,-1.081210519049088242e-01,-1.968221658229086235e-01,-1.381968931277141599e-01,-1.799899752965434252e-01,-7.900363213484649927e-02,-2.333294335977929290e-01
-2.220738151699894469e-01,1.935044592582928213e-01,2.048140149097522900e-01,2.325905924148486126e-01,-2.364955277141345125e-01,2.017686084664380985e-01,-1.706964466421714566e-01,2.003013472297242581e-01,-3.178642888483390050e-01,-8.430395420252140629e-03
1.600163402515326350e-01,-1.285505153419929936e-01,2.980485746725863513e-02,7.451277172016837480e-02,2.249492879621103059e-01,5.790183835158854014e-02,1.867204793914767347e-01,-6.091498864485125203e-02,2.042898595719841726e-01,1.184263352601631347e-01
2.184911258240114854e-02,-4.859340365275907625e-02,-5.926096754549520923e-02,1.438611957932778296e-01,-3.576374239875020761e-02,-2.373038468488197217e-01,-4.746265079751799121e-02,-4.552612822056267827e-02,-1.557750086569461290e-01,-1.846678510766001369e-01
-1.299414294110295409e-01,-3.739316367432991145e-02,1.937002902582059261e-01,-2.476168096292847010e-01,4.368753044016183279e-02,5.503282161047663712e-02,-5.170142114885505763e-02,-2.114871173927214756e-02,-1.432970288373295598e-01,2.827431995080977312e-01
-1.849813208983024926e-01,-1.171039256284311936e-01,2.097726863619914228e-01,-1.551928905239455259e-01,4.449577456860905056e-02,3.031020909174010625e-02,1.571156835851295341e-01,3.892641662933740143e-01,7.430658532428809082e-03,7.615133974271631745e-02
-1.488098678891777438e-01,-6.909728936392040000e-02,-2.429083980261370068e-01,1.300363736497258671e-01,-2.785439372521360951e-02,2.714014943385693601e-01,-2.307866328386903865e-01,2.895429793458241807e-01,-1.359287982875935497e-01,1.572348546457629642e-02
-5.702020749346808220e-02,2.904636975097271354e-02,-1.830514565137985883e-01,-2.300901464294754228e-01,2.140670862393570517e-02,-1.217202099136516918e-01,-1.080287987132447225e-01,1.032710359398385756e-02,6.759968212234702956e-02,2.380090225452637098e-01
-5.757210570522340587e-02,-1.823602151399759674e-01,1.734739943904200776e-01,6.952163721717675993e-02,-8.192263328362268948e-02,1.464045707058038437e-01,-3.879800262182130782e-02,1.917425968125097413e-01,-9.802766693650294405e-02,1.665518596340050395e-01
4.727385759417496169e-02,1.338769479301304098e-02,-1.203009985977876450e-01,-7.942734151774234752e-02,-7.604854797376321696e-02,-1.569143852430828975e-02,1.584301958267954336e-01,-1.753225507067043554e-01,1.082872938636566806e-01,1.696689662342124316e-01
-2.108125675620439732e-02,1.541764178568497401e-01,-6.183935655757086952e-02,1.300144529273521143e-01,6.252978233084692528e-02,8.047927080029763924e-02,-3.092228560234407120e-02,-6.031896036927978516e-02,-7.843057927013895314e-02,1.896038200421060194e-01
-1.708424605048526335e-01,2.738625178052489853e-02,-1.872888376332447757e-01,-2.061081379794950097e-01,-1.437976020168118263e-01,2.583684780267123116e-01,-3.061179285040644196e-02,2.210825663203355718e-01,1.453468244625842065e-01,9.854426996866950950e-02
-1.109634665567206385e-01,1.416059482671650771e-01,4.509060178839955496e-02,-1.718577342508232075e-01,6.236785285099097007e-03,6.528074416793552825e-02,-1.890439998488516737e-01,-1.775080629917544922e-02,-1.379356611225678320e-01,-2.529721174134370587e-01
-8.086008884508165406e-02,1.335928739655007358e-01,1.149377570433491313e-01,-2.426853107763407569e-01,8.804588927277298693e-02,2.086117730149726623e-01,2.015280467214906335e-01,1.241560532104648701e-01,2.425745337964743120e-01,1.598306312709205368e-01
-1.888833649094055073e-02,-1.707788736006205649e-02,-1.298942101962776430e-01,1.638733911716554192e-01,2.096044979381319062e-01,2.602296043897692757e-01,3.907262574778654074e-02,1.827660856339912432e-01,-1.350289688044810366e-01,-1.527855645090976829e-02
-3.383895831233166285e-02,-2.097254741921011356e-01,1.692429752756945127e-01,1.396206177025886563e-01,-3.619114194099052467e-02,-1.789882981402556028e-01,-2.117271062941459836e-01,1.584537793715449019e-02,2.590668864717598496e-01,-2.674895181121905718e-01
-1.093430012144186031e-01,-8.860204138590335732e-02,-6.724854452790290926e-02,-1.080998040299901292e-01,3.197972952629578314e-02,-2.953783671925770404e-01,1.034441059616431763e-01,1.177975120814697407e-01,-1.042178953650832740e-01,-2.845487284010435047e-01
8.290489515114492225e-02,-2.089801328802994851e-01,6.690991036601927344e-02,-1.195819186993782590e-01,4.008686616992674506e-02,3.626114408937514133e-01,1.214712508629532395e-01,5.318373099954560451e-02,1.231950523779749562e-01,1.556419344873077523e-02
1.188111119820149802e-01,-1.082537944082443970e-01,3.096004972497856667e-01,1.735443637605880163e-01,6.432670874826805496e-02,1.051035171852606094e-02,1.506548017458946565e-01,2.923454075265423044e-02,-7.563662618784598723e-02,-1.403927136000149845e-01
-8.334433672990097797e-02,-4.860993955790340187e-02,5.246526127446363152e-02,6.313104687344124610e-02,-1.429791329400312457e-02,9.843906417666922759e-02,-2.450588819290745995e-03,-9.496521673007678188e-02,-9.398389802182638419e-02,-1.426069417143219914e-02
7.198432673379542845e-02,3.007161976050379271e-01,1.211407764632542738e-01,1.634755837734959971e-01,-2.088375184835515042e-01,-1.185281639366428802e-01,-6.112554342054399986e-02,8.472280101465701208e-02,5.686458228787369396e-02,1.798519889441105857e-01
-7.524125530771895443e-02,1.684683000508587934e-03,-7.235530410199579598e-02,-1.283785168597968984e-01,-1.645249425915379093e-01,-2.115272125487600297e-01,-2.452308740992193148e-01,4.400038664452985034e-03,-1.798116422577736850e-01,1.048897261636325649e-02
-1.126779148959610455e-01,1.417487210184592561e-01,1.896225735526527179e-01,2.194281455847565121e-01,-1.068525224912326155e-01,1.205374321921838243e-01,1.435814941338637851e-01,-9.868530490624845275e-02,2.629014624867651029e-01,2.562419027982782427e-01
2.309076372209447614e-01,-2.314083113022729898e-01,1.056012498338761291e-01,1.545223351814702661e-01,-2.781298168594281139e-01,1.438963053687258575e-01,-2.071138477741992501e-01,-8.957796809498591584e-02,3.709659843173045840e-02,1.980779995641308855e-01
-1.634314074764109392e-01,1.362042916871324394e-01,2.240153841061973405e-01,-1.999892719392331875e-01,-1.483084006528126268e-02,-9.645255398919139189e-02,-1.031834051841187955e-01,1.826632369353810847e-01,2.576946722906434672e-01,-1.853088666531144679e-01
-1.100104091348643870e-01,5.611166799652172327e-02,1.358948906708983551e-01,-3.206768511728411153e-01,1.446337364592654717e-01,-2.138153055425328353e-01,-1.296928012432277399e-01,1.295360713634912952e-01,7.484526371110919798e-03,-1.891818983153897571e-01
-1.478500419763928708e-01,1.130067887935416460e-01,-6.138294619738668412e-02,-4.500251776442812379e-02,-5.295366608879935322e-02,-1.759041732813367356e-02,-1.631816047859849517e-01,4.580198813522899648e-02,2.453672728747353093e-01,-2.878001332084348940e-01
-1.068121701284377965e-02,3.441021912701022756e-01,8.827250654360922766e-02,-1.233119301143402874e-01,-1.136450129660061814e-01,8.467840088635655849e-02,-2.148793903745458700e-01,1.160119568613995206e-01,2.032439475467421597e-01,-4.271785100572155630e-02
-2.136002168028164616e-01,7.927358230898227942e-02,1.043801851376078976e-01,1.711184406721113216e-01,1.768409735306530339e-01,1.802354384958609890e-02,1.199909132134978906e-01,2.429927079639720433e-01,9.700880656466939755e-02,-8.940070759128530831e-02
-2.033059532723019425e-02,1.799285204681130013e-01,-1.350291349649056505e-01,-1.336637454496702460e-01,4.057150219236026721e-03,5.040509827872650950e-02,1.822666009404779741e-01,1.403485398337200873e-01,1.844537432254527431e-01,2.230486713401347021e-01
-2.212041243836861681e-01,-2.021047782580779606e-01,9.243420385459118205e-02,1.147683097822619902e-01,4.319492372674542391e-02,5.426514019943356332e-02,2.177654328016211116e-01,2.540284772051062262e-02,1.005044516761790657e-01,-1.692133183390875095e-01
-1.012867738123255368e-01,-3.573486960037118854e-01,2.232967321255374671e-01,-3.520832669127295367e-02,1.913148817126841261e-01,-1.610602785936794956e-01,-1.200488194189911484e-01,2.636394761925025740e-02,7.955059331669320222e-02,1.608666154250316671e-01
-2.489511516405604474e-01,4.913503635368171585e-02,1.171331381654559661e-01,1.100697308276344932e-01,-6.404726737897642463e-02,-7.814875908972267193e-02,-1.145772576714274571e-01,-1.926295979402383451e-01,-8.624553343699100511e-04,2.506588106622213985e-01
-4.486502289154471051e-02,-2.364735849025247916e-01,2.326268982459379631e-01,1.180120429401970705e-01,-1.202994294331488417e-03,-1.602249307239990983e-01,-5.615278646702704518e-02,1.337964758816200805e-01,-4.222004534242543294e-02,1.758519099597381785e-02
-9.520269862736646660e-02,7.711223522905311101e-02,-1.396898959188780376e-01,1.203956237723314976e-01,-4.790437837811150484e-02,-1.629331831793953966e-01,1.481319843933030234e-01,2.163303813638879081e-01,1.222866255660127882e-01,2.629283098041064748e-01
-6.363804613687865097e-02,-4.702701768877280003e-02,-2.229944896395752441e-01,1.722003945214123921e-01,-1.105910551219002058e-01,-9.394553169487927791e-02,5.499447797661375509e-02,8.257722413142587481e-02,3.349735567426896377e-01,1.007295986402337584e-01
-9.032722193020369106e-02,9.325371973435983564e-02,-1.112220145514795505e-01,-1.566193673313190371e-01,5.434915068289064566e-02,1.738375333989446714e-01,1.840891639574790128e-01,1.644930159447233475e-01,2.045635477255848544e-01,2.265711735543214367e-01
1.368623970257774047e-01,-3.669923791404292035e-02,6.573651650791986767e-02,1.298459276476746083e-01,-1.652248887318310752e-02,-7.756841130076733148e-02,-5.626853987805897211e-02,-1.037111854760374985e-01,2.326357536691745637e-02,1.798216471471800748e-01
2.535589277715787349e-01,3.424437201471539072e-01,-8.125836237375615168e-02,1.365923996465857326e-01,7.198403362284588880e-02,2.294112317912727628e-01,-1.451288836781708946e-01,1.493886363001511453e-01,1.674904172298639360e-01,-1.387120608492806717e-01
1.916372031564128331e-01,1.576591578372060765e-01,2.039489674557810606e-01,2.262995921589066109e-02,-5.115330421047378784e-03,4.230500159461796084e-05,-8.016648049655306085e-02,1.444642565819396216e-03,2.941212797715006197e-02,1.884401935820905760e-01
2.640353172740075860e-02,1.798724905519266393e-01,-2.032336757568578567e-01,9.899757002957199070e-02,2.017204747405342002e-02,1.028357610376302717e-01,8.800815205447609646e-02,-1.117937398961207085e-01,5.700861330509566366e-02,8.153163979176156206e-02
1.861214383898666946e-01,2.890105370235519500e-01,1.851264282889142354e-01,-3.141276587240973694e-02,8.316385736640526105e-02,6.085837724640807966e-02,1.359833882032167665e-02,5.363503572442699513e-02,1.899727230086805108e-01,-5.387428955897890365e-02
1.104856368061254701e-01,3.794403009717300934e-02,-7.470973419395823822e-02,-1.690728900832045856e-01,-9.904290770169642266e-02,7.928892574936748094e-02,-1.828694680709242737e-01,-9.567881757903180795e-02,-1.064265120273394233e-01,1.420731812068987687e-01
-7.854869246405295213e-02,-1.730258194645066250e-01,3.212211920960848788e-02,-1.119637153464304591e-01,6.264974158996107489e-02,-5.022254633903682625e-02,-1.790825329577916750e-02,-7.122564375429492334e-02,5.735209953272490946e-02,-4.781292650585128312e-02
-5.589586639244384370e-02,9.339568680699615599e-02,2.627984221978320045e-01,-7.800921887070878802e-02,-2.901123607427017470e-01,1.906888022684120540e-02,-1.865902404452297533e-02,3.584193914076913012e-01,3.264995424813114111e-01,7.855978862911342647e-03
1.054250065726645008e-01,-1.587890996803582588e-01,1.916205369989769022e-02,-9.164276490516461149e-02,1.409984709292951555e-01,-1.609636887698356889e-01,-8.098936293571375178e-02,-2.373642654915899403e-02,-1.230407485086326275e-01,-6.797609918551753005e-02
-1.568984700235271923e-01,3.704481048768430013e-02,-8.224240529925412602e-02,1.557363572300331234e-01,2.078168111242256061e-02,-4.313869468618260206e-02,-2.536605957676633591e-02,1.127165265071709832e-01,1.430869495199802166e-01,-7.782188256120599334e-02
-6.495495624711597471e-02,1.141690545407823970e-01,-8.944583290371734344e-03,5.703609795605389665e-02,-9.988850880287218625e-02,-2.466085729326597531e-01,-2.834340246620842829e-01,-8.429218171358537903e-02,2.372307450883585356e-01,4.522759536935345298e-02
-2.682735492349815343e-01,1.191942580718044903e-01,3.455433897310602326e-02,-1.164662340523424516e-01,1.057397239607655165e-01,8.791383826318260875e-02,2.026855344350807914e-02,6.481296171953655760e-02,8.779919831421957588e-02,-1.580734991891107610e-01
1.198592236894835232e-02,9.892421487802043056e-02,-2.962081954707869169e-01,7.669370749592739622e-02,-2.988685042990351648e-01,-2.044358746137073246e-02,2.186393020909580542e-01,9.305265699923173650e-02,2.278297074132644984e-01,-1.850459627248877692e-01
-2.145184182696442676e-01,1.414618407055552030e-01,-1.980237784856034647e-02,2.799032049805866978e-02,-1.762497160477964342e-01,-1.726810332497597245e-01,1.650292779315294112e-01,3.038179768227054420e-02,1.270126671480326375e-01,-2.333787165182058670e-02
8.071628602144952092e-02,-6.002062211825458238e-02,-1.348049511399339040e-01,-2.018505644789341802e-01,2.341386115383274347e-01,-1.709201160802186203e-01,5.410458115779616731e-03,3.514097753384950451e-01,1.796616801603036218e-01,-3.163696293608931343e-01
2.202090184814781137e-01,-1.344136674684411059e-01,5.331331418136853184e-03,1.598155914499276298e-01,1.325340221745655300e-01,5.376011765654134522e-02,5.256032515484723028e-02,-5.466762914557406379e-03,-1.527878642169579748e-01,-4.495899195484769767e-02
-2.023242055858122113e-01,-2.661524550415181878e-01,-1.634553055996766369e-01,-2.099241395289159207e-01,-2.836605396359361819e-01,-2.724439614500873685e-01,-2.427856833252867996e-01,-3.745260841941349672e-01,-1.613320469217587871e-01,-1.312515744616239155e-01
8.840031899201754306e-02,-1.894213212586190465e-01,-1.264809791009797180e-01,-2.056115115454101167e-02,1.297142422975014753e-01,-1.769263339584685180e-01,-1.255824401138909141e-01,1.801264611655827574e-01,-1.741228114966971996e-01,-5.526847799896637131e-02
1.137639738936762346e-01,-1.656911365262042357e-01,2.818349729915972657e-01,-7.832703410741873040e-02,2.233150683590612307e-01,-9.551067713876263549e-03,-1.619439185253867264e-01,-1.116606131976421445e-01,1.861483643916625741e-01,2.136847544411770161e-01
1.377631998967070726e-01,2.381661676950739548e-01,-7.474818675856800820e-02,3.462386775352406243e-01,3.033360873735873459e-02,2.182927594655034720e-01,-3.460661759259384129e-02,7.445948123543054409e-02,2.839774890914391059e-01,2.204165191302701610e-01
1.501233675299884218e-01,-6.283174479877665086e-02,3.975049420795786353e-02,6.940821252459307596e-03,2.361713472507014425e-02,-1.108101061192724585e-01,-2.575403825287421108e-02,-1.700301525577919137e-01,2.172777697150715948e-01,-1.633267049547523775e-01
1.477265153823427435e-01,1.760257424879220212e-01,-4.113907315554593720e-03,2.796802919881433702e-01,2.876538601983406607e-01,1.591650829570191716e-01,-1.277547277434944450e-01,2.421833947650372798e-01,-4.973540567829110720e-02,-9.605847283080153065e-02
-1.254547991425489784e-01,-1.192953730505370291e-01,1.997661244932449620e-01,-2.282104416642421196e-01,-8.709949118413330693e-02,1.590191456211603183e-01,1.977283846601075312e-01,2.070318504841809903e-01,-1.440111675789667103e-02,2.195255994819012568e-01
6.630913390154412335e-02,-3.510830359190821124e-03,1.696952821511168441e-01,2.896334013973012739e-02,-7.038671443271981437e-03,-2.133931158764488245e-01,4.937684656580510617e-02,-1.689706559506856109e-01,-2.475728293435590366e-02,5.217682049397738032e-03
-2.370914587914535743e-01,-1.101946694857172671e-01,-5.511218703053057111e-02,-8.622591889131706044e-02,-2.824870265364162747e-01,1.291004059424349093e-01,1.390977650066954618e-01,-1.722414919933190625e-01,-1.853355283547117316e-01,-9.519089958939037921e-02
8.540914509956465395e-02,-6.746701929068545101e-02,2.709105862561454470e-01,2.015254957980561756e-01,2.656917718206927570e-01,9.026479626899802655e-02,9.838599265752329126e-02,3.141572891523010114e-01,6.343798284834791489e-03,7.384479874260096999e-02
1.183890124047909109e-01,9.889584808294170359e-02,5.380085006397816033e-02,2.203685930406655835e-01,3.351820989796150396e-02,-7.276653688379840224e-02,1.720576512536940994e-01,8.629747475832769132e-02,3.331265566808849776e-02,3.335618071712149191e-01
-5.729070956041315554e-02,3.066066285456173213e-02,1.989792107062608728e-01,-4.299186099199776151e-02,1.295234635296367565e-01,-1.515644004535890432e-01,2.870480184373317423e-01,-7.241983752015075659e-02,7.046205263942117991e-02,-3.395228860805094701e-02
1.516302590071195479e-02,-8.107051678096537095e-02,-9.225625064526772612e-02,2.525476695861017529e-01,1.198950643052794363e-01,1.004064543144106009e-01,1.925409027307040666e-01,3.146361410186171437e-02,2.744430042655846697e-02,-2.433370236140544596e-02
-1.977911345724468195e-01,9.590229406318238892e-02,-3.876474965073781892e-02,-7.370859918012737100e-02,-6.112287552556992104e-02,1.482358851971910252e-01,1.461654009764589424e-01,-1.841947737940742014e-01,-4.245832196231563022e-02,1.010944399096554147e-01
8.670607099795776818e-02,3.141241169715642823e-01,-6.142807040847957090e-02,2.516601103962396446e-01,2.294864777175237569e-01,-1.778209824351009022e-02,-1.625133765687482024e-01,1.278224779827139002e-01,2.296430928673764971e-02,-1.671479684396638341e-02
-9.246345007302739227e-02,9.137503349142807318e-02,-2.535386503350141041e-01,2.585962085630263974e-01,-1.106897413322266710e-01,-4.664103033256124242e-02,-1.293195416523386654e-01,-2.663774125269712245e-01,3.089173371317311956e-01,2.145706619340960741e-01
-4.979648647530704464e-02,1.255914887549236525e-01,1.707542297039053025e-01,-2.350848766779776999e-02,-2.393537530022121496e-01,1.101015155845768562e-02,2.096444684324653626e-02,9.255724445525616295e-02,-4.829629743512804663e-02,2.665486352327761307e-02
-7.372388136448190799e-02,-2.037074694872923752e-01,-1.248546460650296896e-01,-8.423501406451221196e-02,2.511986818767049379e-02,3.785021596752850825e-02,-1.757993248625588228e-02,-4.495600860503257828e-02,1.284795694455783399e-01,5.648849077530128382e-02
1.558247590481114664e-01,-2.393396113000627046e-01,-2.532848110415918397e-01,2.014835340951389164e-01,9.799654612222093164e-02,1.625338638464632335e-01,-1.170144529013127056e-03,2.751049233247145898e-01,1.535311211095150563e-01,3.711241274067186152e-03
2.351255843218300057e-01,1.947506811033359320e-01,-1.498031907164543430e-01,1.647435602120674858e-01,-1.709205733750682465e-01,-1.106942187659819971e-01,2.197691518866040916e-01,-1.932226005773896374e-02,-9.695477697484928409e-03,-6.375121754105630978e-02
-1.683454990528383544e-01,-1.559193512916181024e-01,7.520762984277809537e-02,-1.257744525218400244e-01,2.504535825106620761e-01,1.162971965768652416e-01,1.938065164725665812e-01,1.189331608152714853e-01,2.582677845655789173e-01,-2.494179690776949510e-01
-4.350024749051137340e-02,-1.161406907656340470e-01,-2.563500280525821684e-01,-1.412529724459337943e-01,1.610966370419930072e-01,-4.014723328804428032e-02,7.074339958923181459e-02,3.927932467849291204e-02,-2.119517320402638516e-01,1.692782738793945640e-01
1.409611309270268065e-01,1.497760651174462609e-01,-1.413043818035738530e-01,2.059037033065107547e-01,-1.501009549412006018e-02,-1.104379053389629994e-01,1.826398670078040187e-01,-1.516859516804540953e-01,2.760643846053041292e-02,6.022148083252516076e-02
2.348308459448688879e-01,-1.391893481760192453e-01,-1.330579203665220589e-02,1.545329419525389436e-01,2.861746118850780340e-01,-1.696934991551563854e-01,7.007666538930965028e-02,-1.031573852006276715e-01,-1.752736988794566242e-01,1.131738268075693221e-01
1.690357065351391352e-01,1.941361338325107433e-01,-1.143762054721457616e-01,6.486251620666509676e-02,2.749353118530287188e-01,-1.349791122456729386e-01,-1.353926318276799379e-01,-2.276026614423782082e-02,5.795833673334716690e-02,1.922838053550029180e-01
7.315091896454799236e-02,1.355755073227763452e-01,-1.219292912651420979e-01,1.033144104680187858e-01,-2.227873580028824629e-01,-8.176126587948348567e-02,2.876805833094357376e-02,2.450852941557028764e-02,8.905090033436946495e-02,-5.769231968163271440e-02
-6.283732239403039266e-02,2.634566790142492398e-01,9.310244653263193004e-02,-7.520085103518378555e-02,-1.893780595847912307e-01,1.935694845672464026e-01,1.090856847720765186e-03,-9.682782440770126842e-02,-6.953444853059262409e-02,1.550782957623494385e-01
2.055081444095784027e-01,3.644555603181969666e-02,2.519763427401959799e-01,4.261942917617505405e-02,-1.166743845619105102e-01,2.734334443898705710e-02,5.160946247164531486e-02,-2.481360682549747787e-02,-7.531068438309398982e-02,-5.741942848616696932e-02
2.306932414684203514e-01,9.057558492626645308e-02,2.428965648941653344e-01,1.275347805445287419e-01,1.094568203475465851e-01,-1.329996821789230788e-01,2.666750882954483370e-01,1.695177047688161132e-01,1.616361351354287934e-01,1.620773168454300861e-01
-7.271246818729601782e-03,1.060170889742515360e-01,-1.673007248696183891e-01,-4.127339539181129613e-02,-7.407173373042276465e-02,-1.180085425072281702e-01,-2.099162770612742757e-01,-1.569057319783555282e-01,-1.757748727342313411e-01,2.335447920645374043e-01
-3.752456024936733081e-02,1.812724594694703484e-01,-2.655132010542113341e-01,-4.921016394787730563e-02,-1.540672540133711521e-01,7.950911919141726014e-02,2.662352709359642189e-01,-1.099217386085167142e-01,8.824088849608771601e-02,-1.145206642016000226e-01
-1.504195935760421071e-02,2.173471991609805531e-01,5.015985747734995337e-02,-1.792457505901915160e-01,2.993557911946483352e-01,1.374367918105636778e-02,-2.285013081505993596e-02,1.085526671546390570e-01,1.911695588863542294e-01,-1.987935980452321949e-01
2.323926266607163893e-02,2.019682837139220588e-01,-4.171303137719022808e-02,5.005549195321364747e-02,1.970069536578258340e-01,-2.090403224040190411e-01,-1.035021057014858387e-01,-1.062892813984252643e-01,-1.268042421608996662e-01,1.860753941038363057e-01
1.833806510783227428e-01,-6.893718027771945922e-02,4.027449170226908570e-02,2.570620765433681010e-01,2.452278810604327786e-01,-1.342134077033049211e-01,-6.727404939143817597e-03,-1.083919814485288097e-01,7.346225194716189677e-02,1.187209333084009860e-01
-2.394110384956417772e-02,1.319501015124315557e-01,-1.963073152266027188e-01,-1.254960369421079247e-01,-2.432362798360508671e-01,3.386166585080097741e-02,5.361124554644298990e-02,-4.731152655393445344e-02,-1.678160908853193745e-01,5.952382756641094036e-02
4.254166938897956107e-02,1.398436606579376851e-01,-9.687561825745055755e-02,-5.430548784546455204e-02,4.150031111340657386e-02,1.506787862389937227e-01,2.006336576281331496e-01,2.309814976993307747e-03,3.920584875575618133e-02,9.250354473336976080e-02
7.873621971999512914e-02,-2.413554529315397879e-01,1.282881869032804212e-01,-1.509586989137986016e-02,3.249201933699070177e-01,2.013306663513731165e-01,2.280607548565328213e-01,2.034986145466916377e-02,2.509483580625548882e-01,-1.838668378421401753e-02
8.183034385411308564e-02,4.205847166670538539e-02,3.126864684421080676e-01,-2.017627495081371347e-02,-1.719676858365737360e-01,-1.300592855184647401e-01,1.730837066135784974e-01,-2.532876123653212685e-01,-3.215310371643261694e-02,3.895604131036496665e-02
-1.231746206700307655e-01,-1.086557850831610939e-01,-1.884482031233248034e-01,2.047200673829556450e-01,-1.118604605422441750e-01,-2.953711362272471580e-02,-1.730962915417057768e-01,1.375752109938322421e-01,-1.358940938596651105e-01,-5.144063168882731518e-02
4.141272105017607813e-02,2.558754353602755473e-03,1.605209626807932444e-01,2.367233737233819524e-01,-1.717766877070654175e-01,2.308424085568357154e-02,1.654260048047741793e-01,4.159551182686872794e-02,-2.505600209467454542e-01,2.555921716442178249e-01
-1.167934468058965114e-01,-7.038414521200257734e-02,5.250976284759604346e-02,1.297217526730374548e-01,-1.472551740112587604e-01,-1.786101294509860882e-01,8.267712935082880896e-03,8.647547107804372246e-02,2.009719966647924849e-01,3.411897058254291515e-02
-2.606241821206827791e-01,6.899743893716066279e-02,7.887278440471932883e-02,7.108093221563174802e-02,-1.799648113538773186e-01,-7.892359861096882867e-02,-2.576248297649504360e-01,-2.052723498372042987e-01,9.236960529186881430e-02,-2.857076267492218366e-02
2.704289367302280603e-02,3.266788086478016051e-02,-1.225459982975112549e-01,8.365797197104785088e-02,1.116018825579045692e-01,-2.956373509525308529e-01,-2.501270552124991720e-01,-3.229032875611992925e-01,1.363122608712199479e-01,-1.905398789143699090e-01
1.407092185143732077e-01,-2.535700235030164951e-01,8.965638416059611149e-02,-1.006468845238942256e-01,2.814684876815491676e-02,-1.055456160573599034e-01,1.208677117814198620e-01,2.352521927447287498e-01,-5.786993644673689430e-02,-2.584154202008949741e-01
8.462178089529270864e-02,-7.163657337849148321e-02,6.057311656593334509e-02,-8.929455618839805819e-02,2.957752051465348600e-02,7.656342636608459706e-02,1.073815355941213634e-01,-6.489776832363539083e-02,-1.336885114840783151e-01,-1.390849494665508945e-01
2.476224174048319293e-01,3.206471299113890228e-02,1.839318762362609008e-02,1.102510495316957745e-01,-8.201868137269702208e-02,1.031658523473103495e-01,2.892362873985912172e-02,2.216875272007130804e-01,2.019811811955620207e-01,1.654183194540104762e-01
-2.254793722272258050e-01,1.156382393139645907e-02,-2.822547677963406776e-01,-1.643911303601847951e-01,2.091902742501607626e-01,1.463611841242200007e-01,-6.771935554950232750e-02,-1.295574034641150223e-02,2.296278785386346999e-01,1.393965089223434851e-02
1.351084573879040851e-01,7.182219914899386215e-02,1.476948806440257222e-01,-1.545814690943736469e-01,1.737549830795152572e-01,-4.199530480042347469e-02,1.094981852683689083e-01,-1.684941438361113875e-01,-7.161948744897088381e-02,1.756147028672349897e-01
-1.764247486830550771e-01,9.280076754456939581e-02,-1.278362840214728735e-01,1.396442781309501224e-01,2.018634300264153247e-01,1.777183308547842511e-01,8.296960256741972226e-03,-7.341172466148586373e-02,-1.599816824899438078e-02,8.729427903272916900e-02
-1.260422597386010313e-01,1.371699507489382575e-01,-7.635959781844404992e-02,1.352360490684142713e-01,2.186683177143508572e-01,-3.947318007836748618e-03,-1.194861454646489740e-01,3.017388610241468136e-02,2.485745575937667318e-01,-8.989165418422798148e-02
-4.251965521910988643e-02,3.470072995257947324e-01,4.468287606418992058e-02,5.379507567088704506e-02,2.019903981535388082e-01,-1.391221799088128153e-01,1.418798177725395238e-01,-2.137996715729045816e-01,-2.016199915945416365e-01,2.340854366149900667e-01
3.087598643990674963e-01,1.187915250245323850e-01,1.835569396487061675e-02,-1.834941135528647682e-02,-4.894292974933074636e-02,-2.935863185941785525e-01,8.159534832593992593e-02,1.215076466994331750e-01,-6.277094661936021003e-02,-1.808543900056432674e-01
-1.541788952251373079e-01,3.577432596573982410e-02,3.878245644513892559e-02,1.277177395955044481e-01,-1.107987421126558347e-01,1.192654047868018929e-01,-1.239762098177374511e-01,2.099911519043115293e-01,2.441825557851715067e-01,6.747760316830597738e-02
1.757034823234596699e-01,-5.838779288981561788e-02,2.059988934403219618e-01,-2.629299010834471040e-01,1.239814175552258341e-01,3.940589684788239205e-02,1.836988408593640543e-01,-1.292563744329695286e-01,-1.469019653508996381e-01,1.204989053963050338e-01
1.927681543313203016e-01,2.321585660011116214e-01,2.991953807822588796e-01,1.285019631373607862e-01,-2.167737630722691919e-02,6.297397105842132692e-02,1.222521039491956396e-01,2.959063874137850547e-01,2.504664372026613184e-01,-4.249295871984881678e-02
-1.084993220156632576e-01,-7.060202560974537800e-02,1.697022764251456262e-01,8.556633929357267479e-03,-1.922713773243589219e-01,2.492256988443422028e-01,-1.112257341934739102e-01,-2.545666416558048373e-01,-1.714607548844059026e-01,2.162201123193737140e-01
-6.467867418736256147e-02,1.612042694491585271e-01,6.497368503095474201e-02,6.792861791680375461e-02,-1.299995655842120790e-01,1.841104625544618539e-02,1.178267884486762507e-01,-6.179068473638007347e-02,-4.323942168149608883e-02,-1.799839734354594101e-01
1.095577877090354590e-01,-7.961307156098844373e-02,3.818183244673064441e-02,2.556578314445780986e-01,-2.912765077565344224e-02,2.399660434114888052e-01,1.193870380334116979e-02,2.375588984912522794e-01,1.106469476043255573e-01,-6.100224897339553282e-02
-1.382544137033091258e-01,-1.956305244632249585e-01,-2.694502994740188839e-01,-1.276994997878196265e-02,2.168770022560534763e-02,6.328689088277722474e-02,-6.557329110712599440e-02,4.252763384035546795e-02,7.588982646107610142e-02,-1.197730942564398104e-01
-1.478935849159736804e-01,1.437419873839335289e-02,-3.133387758759128006e-01,2.957750388078510262e-02,-1.679794330440139427e-01,9.094551910805274975e-02,-6.684348854367258563e-02,4.230425654736507529e-02,3.021696768434968816e-01,-2.918332524315109602e-02
1.451249858698539508e-01,1.197168613365192508e-01,-3.333096304007832078e-01,-2.600451974868150939e-01,1.373059410516126455e-01,-1.333287284482104207e-01,2.087715455167852840e-01,8.886315032486938326e-02,4.416758053047848027e-03,-5.619874114141589633e-02
-1.427809206022319366e-01,2.291272152835847342e-01,2.192059040120065798e-03,4.523490797025105786e-02,-1.336496266774088795e-02,1.546117188075581406e-01,9.039148320060640118e-02,-6.146322637182936692e-03,-1.500738717121792021e-01,-2.679854891540138853e-02
1.263973663975798967e-01,3.402784912380320270e-02,-3.752407703781178439e-02,-1.805823198426762810e-01,-5.651533851506801431e-02,-1.080094323448217292e-01,-2.343292539852272552e-02,9.232518493636018841e-02,1.254860107908516154e-01,-5.071874626544626424e-02
-1.760401100239376015e-01,1.969383900515035701e-01,2.112078159106137443e-01,2.867589613302227169e-01,1.246640986998509386e-02,1.558491133724748401e-01,1.255786282891813155e-01,-2.138956110441997127e-01,-3.063202357742701026e-02,-4.012785849213847122e-02
1.976299444244571102e-01,7.633028301126013049e-02,-1.700346064855026429e-01,-1.873522789858176885e-01,-1.208487438628049193e-01,1.678750579470214832e-01,-1.965360690389583165e-01,-6.053900338983606022e-02,1.269609747588793525e-01,-6.573760937119232928e-02
9.115118198725224996e-02,-2.383578313798567494e-01,2.043800945750128342e-02,-1.100564413539990155e-01,1.251133301354592220e-01,3.095711529213867053e-01,8.672222858319357519e-02,-2.043884030156039588e-01,2.343541199498676633e-02,-2.090015993641733960e-01
-6.722900928714838076e-02,-2.173022454195732700e-01,-5.533525778683509588e-02,2.215583382642448140e-01,-7.400873892897326389e-02,-7.129078625973758743e-02,-2.195074970375435475e-01,1.530692785400627857e-02,-4.198781357971843875e-02,9.487568974520683984e-02
1.633820255618876061e-01,-1.204331868899907593e-01,1.421014918658481951e-01,2.544402393637595905e-01,6.315740022120186481e-02,6.964368308514326533e-02,5.155666937613397061e-02,2.250850337270818013e-01,2.143970161075580694e-01,-2.056921689436567169e-01
4.992926059206280465e-02,3.137702852010483545e-02,2.066882660648986514e-01,7.314791119374329520e-02,-1.506139772766853513e-01,-9.478994441363565449e-02,1.919372910632256568e-01,1.455202599752762338e-01,6.140317184669842610e-02,-1.083344050399284303e-01
3.673951071455731909e-02,-8.282044735638147137e-02,-1.595964165399306744e-01,1.224760862008892753e-01,2.858049692657306795e-01,4.146853329119247478e-02,3.793303026419814206e-02,2.231865415096490057e-01,-1.366045323161869940e-01,-9.970204822113080956e-02
5.179547405639345348e-02,-6.870002263527243136e-02,2.199351804366384000e-01,-2.330816342429458676e-01,1.597356782950329346e-01,3.468432374813019137e-01,5.856158194126220157e-02,3.625522580670502426e-02,1.519125419226207974e-01,-4.595813437177292959e-02
1.174540046428049211e-01,1.802146326587603653e-01,9.134152136170466119e-02,-3.123112954161878438e-02,6.552463672231929881e-02,2.401798453798683064e-01,1.209660955210201672e-01,-2.507769215198843438e-01,1.260839085832182183e-01,1.925893921493883679e-02
1.216913403154643997e-01,1.988217077670368094e-01,1.732326232366863950e-02,3.914844646159341968e-02,-7.527845169099353639e-02,5.768930732962455898e-02,-2.044077062406834608e-02,-2.317706311296181820e-01,-3.505980227153720347e-02,-3.424735748851210904e-01
2.602182463987199462e-02,1.301665021655162499e-03,6.628787129852892201e-02,1.929281790272052433e-01,9.259839411602115850e-03,1.008050881228540196e-01,-4.207151656192973516e-02,-1.031575662726689629e-01,2.401363217602878741e-01,6.399629788503678751e-02
-2.198486253465539164e-01,-2.878344518459062806e-01,-7.640452012218554301e-02,-5.819824482631798593e-03,1.123790818541749309e-01,-1.347529023326936026e-01,-2.866696849943153880e-01,-1.841380621134652285e-01,1.406888076791870112e-01,-3.611453501486869538e-03
-1.361313759943016781e-03,5.694234574134642013e-02,7.661814597179185740e-03,-2.595745884142940940e-01,-3.846959209600104429e-02,1.950017182083561562e-01,5.371492747866224091e-03,2.516764214540629929e-01,6.511728336561871389e-02,-5.249239540440649859e-02
-1.733883253812691372e-01,-2.234953873291527504e-01,2.789703825186507502e-01,-2.916623227559964754e-02,-1.001080695390383149e-02,-1.514436805271965891e-01,-2.144044761202157368e-01,2.311930427065029825e-01,6.866907779902801934e-02,1.189574610174112396e-01
-1.411661742457516293e-02,1.647297462705242174e-02,1.301411470716577479e-01,-2.430960057342794467e-01,6.821247800809900064e-02,4.721810873539802195e-02,-2.865876042647987412e-02,3.520346088553601149e-02,-2.500642142392793255e-01,-1.507702577419963406e-02
7.395316217817218818e-02,2.871311978791011854e-01,-2.021425027830779653e-01,-6.568998237607172330e-02,-1.606855342635394035e-01,3.055795392573132929e-01,-1.444132845454290659e-01,1.954221674919200957e-01,-2.258841665025261569e-01,5.286417813143323013e-02
-2.490204618958056365e-02,-1.841472624590503038e-01,-1.373840199066493975e-02,4.401696223869597940e-02,-1.959963521118057161e-01,1.794675105806606552e-01,1.254807598611188957e-01,-2.331394578674774176e-01,-1.353869268670830350e-01,-1.394072931901678691e-01
1.496231931399569781e-01,1.468838196453270961e-01,-1.483440346909352947e-01,2.260564253198155682e-01,-1.361506210445900637e-02,-1.187786521664622036e-01,2.274935768619190113e-01,1.842624581738395162e-01,1.679331957687383026e-01,-1.364963430754586593e-01
-7.403117901996682237e-02,1.091857015506007555e-01,-8.090894304066031939e-02,-4.978599804745858365e-02,-1.233228732361315721e-01,2.958352010167275004e-01,-3.947850473291459467e-02,1.081293749214930211e-01,1.514027076131263527e-01,1.296982654773275179e-01
-1.044021675777468405e-01,2.518997458698475633e-02,-2.564569317243869245e-02,-3.758347980634756808e-02,1.729010018872167709e-01,-4.359913083916094889e-02,-2.351575724696941261e-01,2.196393700434137453e-01,-5.337858161241540444e-02,-2.287932562853128016e-01
-8.692612916239565723e-02,-2.512941039865720372e-01,-1.600565596274486635e-01,-2.849418742950793892e-01,-2.277862192758560445e-01,9.092129412518272502e-02,1.102263744964805392e-01,-2.745314610343066453e-02,1.260982070556003198e-01,-1.895045291868430182e-01
7.134693713093763490e-02,1.380992288510479726e-02,3.294218301776544872e-02,-2.301015972277713761e-01,-1.618508985653859256e-01,3.118955979505231429e-02,7.400094167739973416e-02,-1.479016697936138547e-01,-1.985517900926196400e-01,2.781488706577497916e-01
1.153600310650730876e-01,-3.223608249446600297e-03,-9.638534041356619508e-02,2.557785787673559630e-02,-2.280996947989987200e-01,1.317777957481713336e-01,7.299160450138850176e-02,1.927926261673568731e-01,-2.899076996029348874e-01,7.604699611169536688e-02
1.264164002477919865e-02,8.277193205372937457e-02,-2.535574214260096979e-02,-3.447654718531446560e-01,-1.581703245958731852e-01,6.675858964354548786e-02,7.036770166753549688e-03,3.601000401021715869e-02,-1.257530557201033128e-01,2.448693046051737543e-01
1.311513848555450612e-01,-1.323153502966982753e-01,4.589797362551983895e-02,2.457065050185413546e-01,-1.561631549927062212e-01,5.319653617079365959e-02,-1.015131686453383530e-01,3.805416311303148197e-02,2.077246249997198035e-01,-1.481891723436087049e-01
3.161946782612123918e-02,2.084623754395571460e-01,1.241413748166241698e-01,2.458204651676046681e-01,1.356386847767768744e-01,-7.344107572585344135e-02,1.485650693186602311e-01,-8.936883028968199694e-02,-1.073065956619783518e-01,1.019297461793908233e-01
1.294664582788946083e-01,1.684864057787953395e-01,-2.238329804206482532e-01,-1.280584415668827893e-02,2.538797682856186455e-01,1.197889371401339616e-02,-1.686368090819082288e-01,-2.400088214385448782e-01,1.821019526454369097e-02,-2.060628555883389501e-01
9.114362681682978973e-02,2.385199417446317582e-01,-1.016400501347946711e-01,1.535053525152314524e-01,-2.748481409935641384e-01,3.898071704355184769e-02,-2.511459988871275750e-02,1.080545532819518345e-01,-6.431586150561231438e-03,2.249269725045447144e-01
7.792224911522917241e-02,-1.840789996977060528e-01,2.580217396394388629e-01,4.985474535996348849e-02,-1.502290059120008625e-01,-6.897908637609717619e-02,-6.248304409598978704e-02,-1.312792849948732909e-01,3.214896143597742451e-01,1.661162122543017317e-01
2.208235213852515200e-01,1.743225594404437806e-01,-5.265466061985762947e-02,4.967031578931374591e-02,4.420725690821621784e-02,-1.982254829029531651e-01,5.539212734531655941e-02,-8.573706966582975153e-02,7.417045812889135059e-02,-9.054586110204729255e-02
-7.807884270833065354e-02,-5.039411937291932847e-02,-3.024200012062882026e-01,-8.285679413724318654e-02,1.272412659269085144e-01,-4.329373179189554416e-02,2.087787165817359472e-02,-1.445269357522518117e-01,5.009279385665386247e-02,1.995767104783611190e-01
3.535680264206582379e-02,1.042448996050437254e-01,3.046220584665436659e-01,1.554650609052306287e-01,-8.798586186173310009e-02,3.275280404680939311e-02,-2.638256995003597227e-01,1.455330612134632384e-01,-2.283273862603271698e-01,-9.744440933804829341e-02
7.760998922439954484e-02,-6.042488491978920823e-02,1.781299355872934254e-01,1.509299690396986859e-01,-9.463782425739047932e-02,-2.982573321168870972e-01,2.463151085734958945e-01,8.238280056835250997e-02,4.587650455619268069e-02,5.169974114868750720e-02
5.378589591756135352e-02,3.194196711629568308e-01,2.438514876157987232e-01,-6.755042565484278838e-02,-1.774421411280288075e-01,-4.979682467124171147e-02,-1.139233460671786741e-01,2.055771112365231412e-01,1.330895392176303094e-01,-1.830028310640655631e-01
-1.636471407056530603e-01,-1.016156698453767604e-01,-9.984769939082839552e-02,-1.549651175837803985e-01,-1.374324551320295906e-01,1.135351076077698862e-01,-2.038985054475533354e-01,-4.654150577004458229e-03,-1.040640510353702947e-01,3.701296006829037089e-02
7.396522244411406211e-02,-1.655120903528996268e-02,4.759424533053580042e-02,1.655141912010736349e-01,5.246185490551978636e-02,2.667453333582305366e-02,1.828078023922193873e-01,-3.866197151129137453e-03,-9.535515623293025489e-02,2.003167672464658822e-01
1.198988721580450806e-01,-7.504104863828509053e-02,-1.775000348122911797e-01,1.298838762024100979e-01,9.113967978037948448e-02,-1.857970136685284379e-01,8.699345651824223757e-02,-2.578343904161806144e-01,2.775677264517712461e-01,1.993644269930624352e-02
-7.128516395879060108e-02,6.736942558771122358e-02,1.442112841042537952e-01,1.353166402959941617e-01,-1.924881642217398867e-02,1.403248042150162245e-01,1.014529497548797010e-01,-2.145192077222110028e-01,-2.010262039990104166e-01,-2.383107977496094071e-02
8.586403779598279773e-02,1.046818416654816120e-01,-2.019782438201324359e-01,3.476843284999211470e-01,1.209110952294840530e-01,2.938992632188734411e-01,-1.886533096426501813e-02,8.929726428913559166e-02,-2.461886165356918232e-01,7.392153295371602095e-02
6.713679761747785857e-02,1.542663550930340466e-01,-2.456632302569389803e-01,-8.251460922869484349e-02,-1.785040603232279643e-01,3.671488594924757209e-02,-1.347193833101616167e-02,-9.855298630727288289e-02,-1.650046775182494319e-01,1.108257671592629556e-01
-4.592380928100561061e-02,8.932695375834712181e-02,-2.703359153795353298e-01,-5.284875022135753636e-02,-2.713700035473254335e-01,-1.377256708934809781e-01,-1.319520656929076829e-01,-2.188735931755702094e-02,-8.260464540732131988e-02,-5.706186853431185341e-02
1.891482584654926580e-01,-1.775100861730373458e-02,3.507129720771773873e-01,-1.194229519198324388e-02,-9.686168685824420033e-02,1.978410522106124544e-02,-2.852570652936474160e-01,8.705776780509805191e-02,-1.827741108784123880e-01,6.987467095692485863e-02
5.267122904346314277e-02,2.568669186968712270e-01,-6.863017027479846599e-02,-1.731173710706489233e-01,2.087779048372484791e-01,9.186640462758433046e-02,9.429661727043002484e-02,1.953025782711603764e-01,2.052220806728921043e-01,1.055931058086965191e-01
-1.220247701263922901e-01,-4.865550862912367686e-02,1.922527422321351070e-02,1.326369536187063831e-02,2.404411379214682898e-01,-6.956099432900793300e-02,-9.302165171775608754e-02,2.071033669625523543e-01,-1.220929285128309755e-01,2.588763618756058649e-01
-1.036605488139623055e-01,1.988424557177337348e-02,-6.951556838207588462e-02,6.075211099089183192e-02,1.469439808758012112e-01,3.592998658325967654e-01,3.705579487287970486e-01,-4.464840684560438672e-02,1.610424921478984250e-01,-1.686603729542806573e-01
-1.019190126534668707e-02,1.051226787040674820e-01,2.491667117459528055e-02,2.330244071341900924e-01,-1.195188817278554916e-01,1.463656333864633841e-01,-9.377021841153619641e-02,1.536887930791752122e-01,-2.740958675817068584e-04,-2.267069867165950603e-01
-8.124284259916272899e-02,1.497601677194218828e-01,-1.628323302276294890e-02,2.275130310891051444e-01,-1.130256771439547420e-01,-4.619118989269528630e-02,-1.394800097016340445e-01,-3.290358535713516080e-02,-1.516959071239479262e-01,-1.967263571806640299e-01
7.035754870594441990e-02,-6.603324457884008312e-03,-2.720109993354173916e-01,4.921432057690024175e-02,-2.089392563649871692e-01,1.349622286130925386e-01,-3.539002980185338570e-02,2.120370345537576640e-01,5.628629380655554570e-02,2.642905627579595906e-01
-2.631866972181793329e-01,7.370908774328742419e-02,1.973011829941702933e-01,-3.698685381710549447e-02,-2.586753944599085031e-01,3.618509092069208382e-03,5.503764417027894734e-02,-3.206288950371535135e-02,8.443692913657264987e-02,-1.165100849096787350e-01
-1.801699286080638267e-03,-1.891101169486335554e-01,-3.549494495236149572e-01,-2.513721549962588328e-02,2.552685543389171530e-01,-1.020517094348931814e-01,1.118875616806759565e-01,2.226832119547408062e-01,6.303936951092345420e-02,-2.006742681462275468e-01
1.680626085828631766e-01,1.839523778573694951e-02,1.258045285468011310e-01,9.728788258992292215e-02,1.397300117845661771e-01,1.830547941994551675e-01,-2.117494844544141538e-02,-7.016718272022721969e-02,3.149165006225426722e-02,6.634069030914931109e-02
2.538138272620393265e-01,-1.918918019571944911e-01,-2.593157922977324392e-01,1.767412022226929891e-01,-1.398031453148346204e-01,5.700604663233785341e-02,-2.467846899901252056e-01,2.070824344090826941e-01,-1.301054863969074438e-01,1.166938609494205525e-01
7.355558305280586462e-02,3.144296383972520204e-01,9.529234441076317452e-02,-9.814852069136138779e-02,1.209083716057393343e-01,2.488185770281859110e-01,-1.651905122329030418e-01,-1.847421272638695433e-01,-3.041235599600078388e-01,-3.607852173345171137e-02
-2.597799797407797720e-02,-3.319872844869464212e-01,1.091942465663870293e-01,1.805571221481277466e-01,2.623489413448517049e-01,-2.497260513472720767e-01,1.792114383165199221e-01,2.006189506648227983e-01,2.776389651867701772e-02,1.066639806213033753e-01
6.013694687664156852e-02,-9.175166480898457044e-02,-1.400780365522807588e-02,-2.121673293778925107e-01,9.565101361982156214e-02,6.300989822088748360e-02,-2.655419262346743123e-02,7.348872210526585791e-02,-1.926302145809059285e-01,-2.403648834025908301e-02
9.498318474865903582e-02,-2.716929753464691344e-01,-2.240450643195377733e-01,3.378316681687275336e-02,-1.176385625901571891e-01,-2.062481561025794052e-01,-4.020900332075932199e-02,-8.921109409880732810e-02,9.072927143507243664e-02,-1.250141110413320877e-01
-2.031663878059755401e-01,-4.015788225006972634e-01,-2.110538375100032560e-01,9.876272960767236431e-02,5.086771633261349956e-02,2.716523925390857408e-01,1.468822368585145921e-01,2.505788152309717520e-01,-1.197567914189401062e-01,-2.937359348780520518e-01
7.428122979843003459e-02,-1.839247800479464900e-01,-1.270302488981469267e-02,1.557897492945579943e-01,1.118033288717134310e-01,1.564276119971801104e-01,-4.455100916564359165e-02,-6.027605621568095373e-02,-1.674886615441862070e-01,-2.003311660990861331e-01
2.427926016882509808e-01,2.373027621274391430e-01,2.642631500911833339e-02,2.642732215892568681e-01,-3.150913101712350672e-02,8.046693775592385356e-02,1.032695311616165235e-01,3.499911623848591113e-01,6.625123007217054161e-02,2.043930122628594970e-01
1.965751203333017394e-01,-2.211675724404541243e-01,1.688535632278162779e-01,3.956905866587039078e-02,-2.246581568664145212e-02,3.068744402747416999e-02,-3.224486102800716569e-02,-1.916769114811963381e-01,-2.189447368391103654e-01,-1.310803774730751603e-01
6.278699694179804003e-02,1.431404266458326802e-01,-1.291374526186373217e-01,1.580026803595671603e-02,1.732458629670994843e-01,2.160322869633934939e-01,-2.454851589710594154e-02,1.532552699936154394e-01,2.263747339405164649e-01,3.071497448309852552e-02
-2.023938013980949024e-01,1.200799288564715767e-01,6.025596422908421901e-02,-2.617697333257290246e-02,-1.138735823983370032e-01,2.557414932636946636e-01,1.028389164341698414e-01,-3.628311411488093219e-01,-9.880722614977975604e-02,-1.561557896162597270e-01
1.185789361209758364e-01,3.392885484320722761e-02,2.399385641236516653e-01,-1.404713120434856327e-02,1.026969565548313118e-01,1.469459478748114389e-01,7.105018199881484031e-02,3.095211957985640958e-02,-7.067644194672376146e-02,2.422864112127059433e-01
9.111578345907315329e-03,-8.837395126585093075e-02,2.373822477950382204e-01,5.894969697634101780e-02,1.714138428651849899e-02,1.500483250149401704e-01,2.246380990162876456e-01,1.174840040445656736e-01,-4.664335247930421341e-02,6.378267729458919622e-02
4.907566238340238529e-02,-9.404943850048393117e-02,8.129917363275729336e-02,1.725678465223424718e-01,1.830467338467057503e-01,1.107224143931909849e-01,-4.591506674098631141e-02,-1.112486304941514015e-01,4.681051012645746912e-02,1.980646628349759172e-02
4.171093623997890881e-02,-1.643623550927832966e-01,-9.930250377893821978e-02,2.080460962541720304e-01,-1.230536550620516534e-01,1.588308120606610474e-01,5.854585869820764371e-02,2.522150127486880167e-01,-1.388389368094707435e-02,-1.455775233457486106e-01
1.234982409644167778e-01,2.365275219096672418e-02,1.226106134861427027e-01,7.865451007194687594e-02,3.059164721990880187e-01,1.063612840392079983e-01,1.981961947058074602e-01,-1.123761802665813325e-01,8.985471739834417770e-02,1.934715945751294408e-01
-5.035236162798063103e-02,2.851794526254057272e-01,-1.796161381698827553e-01,-1.994825599587607690e-01,5.988779320415302948e-02,-2.805130391534487178e-01,2.062058802224887577e-01,-2.874594012302313928e-01,-7.014100494837550992e-02,4.591309985412190403e-02
2.365621459832480469e-02,-2.368689057996024860e-01,-1.292562246060844078e-01,-1.816436246884704786e-01,8.285215581084856562e-02,3.078840500832106045e-02,5.660683033775777695e-02,-2.595934123377365288e-01,2.442681190184434192e-02,-1.398811905886453710e-01
-8.347335622335177313e-03,2.226390699570606202e-01,1.847725633344509122e-01,3.478313611669550109e-01,2.814326660938425984e-01,-1.140909855041788018e-01,1.670152128579737161e-01,9.139772443259190637e-02,-3.032652262656882480e-01,-1.725841746953716768e-02
-2.261343576447817985e-02,-4.906590060034875245e-02,-2.175363605565242553e-01,-1.356484790359250847e-01,-1.796113979051014720e-01,-2.637771887583274522e-01,-2.462947745761241702e-01,-2.310565493449980856e-01,2.211723421291811320e-01,-1.442471997635151604e-01
3.109879834219358985e-01,-1.262252994446760312e-01,1.340842071897475896e-01,-3.719888475246402315e-01,1.171082949491769193e-01,-1.379301750064762348e-02,5.531620305127386145e-02,-1.324489148291588814e-01,5.087440746442815041e-03,2.415196543650579286e-01
2.759733215117092242e-01,1.058331734582498573e-01,-1.373550700552907122e-01,6.222738961683149661e-02,1.543362443696268127e-01,5.558314693362745307e-02,-7.844613738215738818e-02,1.886888795068344948e-01,-1.783926957297095328e-01,-4.965966847523860250e-02
8.024475880990533661e-02,-8.351944311334633456e-03,-8.736844274956606649e-02,-7.335256860452457617e-02,-9.105720457205164486e-02,8.292841592394151196e-02,1.511299015174700222e-01,-1.437378880151521333e-03,-2.749184710950246524e-01,1.054612117951199551e-01
1.262088849619460128e-02,2.378108017415555414e-02,8.202116565315328844e-02,2.951087128523490755e-01,9.510131962966603125e-02,9.773684322201801888e-02,-2.548200009224561025e-01,-2.127021055742229771e-01,2.696254930359195390e-01,-3.771356634876280728e-02
2.594445675012208574e-01,-1.821124998864336042e-01,1.524729013841983061e-01,-6.218630269784754250e-02,-1.567706301087069820e-01,-3.171412534341587208e-01,1.400059538891270661e-01,2.349209471599837326e-02,2.281590001386597788e-02,-7.898550820221741930e-02
6.160684540258497960e-02,2.715726838868672346e-02,8.584046308948354437e-03,3.380527252183268550e-02,-1.097222762826469966e-01,-1.038046594034856968e-01,-7.173162052835225198e-03,-3.638713002763629967e-01,4.695026733418809772e-02,9.235124431099109299e-02
1.587293483296170482e-02,1.799022499871980318e-01,-5.794784838354392897e-02,1.229029496377181951e-01,1.958877550807457679e-01,-2.897683945303903275e-01,8.291007902360682247e-02,2.679009073488117232e-01,1.252156604590709266e-01,2.096360692944961024e-01
2.618430202788115113e-01,8.994156050944385195e-02,9.051328726234469935e-02,-3.624605979382809068e-02,6.347296755927574197e-02,3.127748749015388935e-02,-4.841969605499424345e-02,-2.050641657987010980e-02,2.467482785042037496e-01,-1.394629556275111537e-01
1.393925250158249141e-01,-1.752097554916476618e-01,-2.255057158952626928e-01,-4.160192850092388900e-02,-8.375076356574873149e-02,3.865555574579181974e-01,3.520801183529554401e-01,-2.079431258656532500e-01,-3.560150438063047762e-01,-4.500199638798502155e-02
1.750397762195259888e-01,2.151704690401771147e-01,3.484336063794604144e-01,1.715528117445686007e-01,-1.916436168413173935e-01,1.201564006003685292e-01,9.495952056839908340e-02,-1.773544157344368044e-01,7.266080923718895579e-02,-1.524025786286994921e-01
6.636082343900640002e-02,-1.325411015872372464e-02,2.858046194705891052e-01,2.777087216878635911e-01,2.226823466751584601e-02,1.383588436372235053e-01,-6.020058383210318692e-02,2.101424455887768994e-01,-1.339250375935149562e-01,1.636944199313462300e-01
-1.492664789126413316e-01,2.763015448971334678e-02,-4.461425013947495702e-03,-2.791511196368315264e-03,2.188098693319875110e-01,2.084586280128775115e-01,1.431870994461803825e-01,6.880139893417536179e-02,-1.831663975636778352e-01,-1.689293311232991923e-01
2.224363786202166737e-01,1.057969722574010618e-01,2.368447778625829281e-01,-1.992991057382924591e-01,1.695047728321985026e-01,-1.072066898107304489e-02,1.041877943822774183e-01,7.764043984909307916e-02,-9.312155651653231114e-02,-8.819655533205764120e-02
1.689236190969033435e-01,1.820946243801108144e-01,1.113440805244710480e-01,2.480007710402597210e-01,3.367836484674914810e-01,1.436890537605498563e-01,2.701091847008861291e-01,7.138461796091276346e-02,-1.128573793944451786e-01,2.156315293922571596e-01
-1.134482667999165036e-02,-4.534516593844864496e-02,4.533866962480789797e-02,1.141465845485601510e-01,2.194576274167845398e-01,-2.061445375178114492e-01,3.142197412462884032e-02,-1.295972316688270010e-01,-1.834556364558879646e-02,-4.088818967142139084e-03
1.443246680099264379e-01,-1.100992835730946716e-02,2.084827701994718119e-01,-7.424921882401622382e-03,-9.151518994031430931e-02,2.232821701558377059e-01,1.344240676190787964e-01,-5.029027253732842179e-02,-1.664617837348709717e-01,3.060709033346350472e-01
9.157062829654668418e-03,-2.265833553916835608e-01,5.973536021042630956e-02,-2.190892159168350561e-02,1.473086141438966212e-01,3.537378298816469258e-01,-7.054962294140018630e-02,-5.857397596015915392e-02,1.413915988533171186e-01,-2.599709938861173297e-01
3.057202790225530334e-02,1.272958029846419648e-01,1.883483403331739359e-01,-2.102770806478301002e-01,5.182679189682843496e-02,1.111134430455220368e-01,2.296254581616725687e-01,-7.725002296017004222e-02,-6.782968722648329007e-02,-1.019899241596702727e-01
1.967936074634909493e-01,2.111413962814313594e-01,-9.960200560852274995e-03,2.188045156982981465e-01,-1.328114369043757736e-01,2.745766068511819036e-01,5.569324687084622333e-02,-6.333928666958595077e-02,-4.070008447499043336e-02,9.662044956716758781e-02
-1.787343292556383412e-01,9.167344959662633574e-02,1.203044516384561974e-01,8.775536573562144060e-02,2.239557520076145836e-01,9.480852732140686301e-02,-1.922577767768450241e-01,4.047701084069445232e-02,2.011440256078934341e-01,6.841501022426868528e-02
-1.180214178754881299e-01,1.545039596426782957e-01,1.817833133937422352e-01,1.031562842295734445e-01,3.895233710478837597e-02,1.396132383274548971e-01,-1.831827906116173244e-01,1.444836900500937743e-02,-3.446101514117247966e-01,2.079492502841686352e-01
3.842589659187765905e-02,-1.720251464439047362e-01,5.699718117110842003e-02,-7.134451215020423676e-02,-2.946071178294009107e-01,-4.286743974663954904e-02,1.461241476911703530e-01,-1.018047913368831520e-01,-1.079897667690331020e-01,1.500046155651727775e-01
2.047866229773848482e-02,3.508502229826972463e-01,2.363234947069207670e-01,2.961374407823351151e-01,-8.563318523652517500e-02,3.115002967177544213e-01,1.089079890057551153e-01,2.153552336701214653e-01,1.180690434367865221e-01,-1.571151631995816589e-01
1.200952648023246791e-02,-5.198495113684500901e-02,3.077645950575962422e-02,-7.805075264326363782e-02,-4.704474313673089048e-02,2.153618659282163228e-01,3.461590588342816632e-02,-2.190683862489003209e-01,1.885030545879681219e-01,2.360046411727659277e-01
-9.613500376267335168e-02,-8.466030408155293674e-02,5.778988334589070519e-03,-2.266652989787040218e-01,-5.996446935932427114e-02,-1.314628672815966182e-01,2.050084189447236999e-02,2.512022710375015344e-01,5.037330029223579392e-02,1.099181035774318971e-01
2.980089255226436862e-02,3.314474626953910485e-01,-2.225345245341219524e-01,-3.674159122281634993e-01,1.027644928235003918e-01,-7.455095970822069040e-02,7.674026699329501711e-02,-1.005552689290687834e-01,-1.239519014674948238e-01,-5.230767726448677657e-02
8.333230083414629175e-02,4.015277181409001445e-02,1.230887969828346577e-02,-8.517510652410024974e-02,5.088583024550080540e-03,-2.808460318527323391e-02,2.225579037708084462e-01,2.346587492731400382e-01,-1.099834457697510953e-01,6.654963709140775119e-02
-1.117216275338307613e-01,-2.462593185866321366e-01,2.773958082262303546e-02,3.079474046320877512e-01,7.697268187513384152e-02,9.536369067932590204e-02,2.188161982532995167e-02,1.681844217533397801e-01,-5.949547040033564133e-02,-1.126353309785050882e-01
7.057556600198607033e-02,5.401504716603285766e-02,7.991435580779020220e-02,1.672616059906587710e-02,4.388702330888625269e-01,-8.070500013503782710e-02,-1.270804472283775799e-01,-2.373966388703976221e-02,-1.799647004631072522e-01,-1.092420722595445620e-01
1.747451928133083865e-01,-9.051465119143443927e-02,1.550252133066484447e-02,-1.425334123655088991e-01,-2.508564404905981246e-02,1.487539327275363144e-01,-4.044891447865787970e-02,1.134186612305273650e-01,1.777762167778123570e-01,1.275465411302287577e-01
-1.843705899181620478e-01,1.860989955816632624e-01,1.054433652911317826e-01,-2.547661560896287702e-01,1.930594924564611736e-01,1.418932670300789012e-01,-1.718188274190192710e-01,1.071855758061021208e-01,-1.801799801699736636e-01,-1.975403374689592428e-01
4.555480301158539025e-02,8.976707376463170795e-02,-1.323012017467037338e-01,-2.747501964231246485e-01,-6.750159869996681834e-03,1.613851480371343849e-01,3.187204174611773522e-01,6.277071647436176238e-03,-1.619025843179905666e-01,1.739079162130399703e-01
1.330124657175457970e-01,1.627627401550403308e-01,-1.470706379028293709e-01,-1.850677591804326116e-01,5.466030274810436407e-02,1.330919926496847705e-01,-1.014850123829732220e-01,-1.464599543561710959e-01,-8.926178366384728002e-02,2.268972607766743532e-02
9.441255628761256735e-02,3.444209442152043870e-03,2.543686939604072883e-01,1.924871988252463140e-01,4.616211835889598263e-03,2.444972052137595608e-01,1.093017914149348596e-01,3.530968367102438332e-02,1.918711115842327009e-01,2.313760045976421820e-01
-1.281813255258036077e-01,2.384096077068784472e-02,-2.789964757030969494e-02,2.275264029954680578e-01,9.590612516629679063e-02,3.966489886306997538e-04,-4.420730575008847280e-02,-8.736400579657608439e-03,-6.521729561746053561e-02,-2.816806541910585882e-01
1.599727384431445798e-01,1.322667198776591446e-01,2.018582133814108559e-01,-1.436107672577087435e-01,-1.085468429898106962e-01,2.052503291926900397e-01,-9.875173302803139097e-02,8.383191178783969133e-02,-7.348144053064445402e-02,3.475973918913870531e-01
-2.155575725191881675e-01,-3.402960466563954567e-01,1.773808264082759600e-01,7.291822674159327555e-02,2.035049504638465623e-01,-4.331873644763922782e-02,1.088005394856188766e-02,8.317346502327402358e-02,-4.795756487420769522e-03,1.155724667956879864e-01
4.889129697544401104e-02,-1.566239905917528874e-01,7.187710155216997521e-02,-8.921117832075364795e-02,-1.037128255338240629e-01,-7.678587561414532137e-02,1.819007046637078351e-01,1.917372499786478279e-01,3.004008346068669510e-01,1.023756307882388028e-01
1.190044585836054908e-01,-2.968718902931138381e-01,-1.143025470758768369e-01,-1.419845565017288092e-01,7.523862033221097312e-02,1.958418195225823666e-01,-2.428990906536284133e-01,-1.809056270670672539e-01,1.114020829173101440e-01,1.850029580993515776e-01
-2.043223159714651072e-01,1.585372192414362669e-01,-2.481919160200421748e-01,-1.412373489226878207e-02,9.803688279149955220e-02,-1.223369452709165139e-01,1.867667339165872686e-01,8.976867149651120148e-02,-2.580827673895427082e-02,-4.154557838741678583e-02
9.760660734375041503e-02,-1.083299816343584604e-01,-2.786178144309136018e-01,-2.145658977834189601e-02,-9.514837601617714968e-02,-2.118595772594109305e-01,-1.007543542974867999e-02,-2.315505940028017295e-01,-1.835256633109074997e-01,-2.222262086079803411e-01
3.856122205550017307e-02,-1.768251609203423114e-01,1.215911268062824790e-01,2.973073815904337946e-01,-1.212197923391196280e-01,-9.493597969730305230e-02,4.042837481151311668e-02,1.215732988810711013e-01,7.509487082698636240e-02,-3.173527165969338565e-02
2.458677037000270016e-01,-2.955010215989778075e-02,1.607702605005537910e-01,4.437331192188490904e-03,-6.929276171241502413e-02,-1.817532420396911208e-02,1.387000895958385299e-02,7.333801848289307757e-02,-1.589577896837529591e-01,-1.372795332108970312e-01
5.659632552396670624e-02,-1.006213278303070419e-01,-1.923929612078890128e-01,-6.746306019619620342e-02,-2.982323036138501138e-01,-2.498810342193031608e-01,-2.336989313358597831e-01,-1.323204411980309116e-02,-2.406166241784408188e-01,-1.681328886191578997e-01
1.321172674933849545e-01,1.230530538447566352e-01,-9.310274400671005035e-02,-1.878579672945556722e-01,-2.426718330451719252e-01,-2.028682851645121632e-01,-1.297614069942561177e-01,-3.784152983805472159e-01,5.171333574154608759e-02,-9.468423741520337611e-02
2.620105703855996615e-01,1.425247752793161460e-01,1.448146132809072506e-01,1.453276368429249898e-01,-1.879095279634471760e-01,-1.140124804531303243e-01,1.101047312614779061e-01,-5.959517918643126438e-02,-3.995769661185946675e-02,7.733700494194556407e-02
-1.497218501680394331e-01,-1.677333679478791861e-01,-3.092013398133368080e-04,-9.110425783706672942e-02,2.201822586668135059e-02,1.485424698533046872e-01,-3.746586445697830392e-02,1.103358649398719082e-01,-1.733967425180033550e-01,-8.808259172845124552e-02
-6.842676683024669082e-02,-1.383187192390872011e-01,-2.123371483229195555e-01,5.215591128313663838e-02,-1.267538339865953434e-01,-1.512571590250921250e-01,1.954254352124314142e-01,8.724698126430947831e-02,1.941316178994541286e-01,2.880772518700350782e-01
2.152251463525725050e-01,-2.576910982526417482e-01,3.934354728519861427e-02,-2.186480537614105824e-01,-4.596229381683623189e-02,1.447249715701925121e-01,4.074073459309898032e-02,-2.175369899128975770e-01,-2.187577321533847596e-01,2.506393739324382364e-01
9.391787638546100769e-02,-1.839727413843748327e-01,3.086862111476351700e-02,-1.852222415209723860e-01,-1.259361395951230089e-01,1.945167351174187376e-02,1.396195453308471911e-02,-2.185191385271279818e-01,-1.488743973299093970e-01,1.488653568445460484e-01
9.812302325358664146e-02,-2.810918950684266338e-01,-1.059053042475796430e-01,3.010792458811159533e-01,-1.248337902744665190e-02,5.273320927754098636e-02,6.700317557763588172e-02,4.302791170677434940e-02,-6.674832175998138273e-02,-1.763002003346097191e-01
1.736131040330745057e-01,1.298761965447304545e-01,2.360995810985392351e-01,1.842708084064429985e-01,-2.863954839910450856e-01,-1.719332858167094483e-02,1.021530402901983103e-01,-6.949707961876443185e-02,-2.705340614721465919e-01,-1.098349864196280883e-02
-1.786351345960859593e-01,1.505241058977017099e-01,-1.740663156269818823e-01,3.272307496555001416e-01,1.543339534876644013e-02,-4.981584653892057180e-02,1.542865171656980505e-01,-1.180026794864152268e-01,2.837713064162279419e-01,9.844222776120789553e-02
-9.327538988557103339e-02,2.372119602349035128e-01,-8.574229934585414492e-02,4.274583597713713101e-02,-9.320864214445102880e-02,-3.221101656084890963e-01,1.119458356134507698e-01,5.916715605001281186e-02,-2.704953228688770639e-01,2.624961564093604149e-01
8.105201564153222127e-02,-4.379776644979103267e-02,2.715674246723848717e-01,-1.419011829181822393e-02,-1.581000459256535207e-01,-1.313120929021712180e-01,-1.135311592068112552e-01,2.191165376517014221e-02,-1.506623798514971080e-01,3.269728241508302879e-01
-3.425701406066957583e-02,4.129382144909709250e-03,-1.542037426388292720e-01,1.478753119809208816e-01,1.444052583096829545e-01,1.115488673210119908e-01,-5.420048562696481304e-02,1.594325088086533670e-01,-2.812685498091880426e-02,-2.222797051176563232e-01
5.375470309231800137e-02,5.500173385832508172e-02,-5.277378690067241473e-02,-3.035954363342172752e-02,1.823563416389470046e-02,-1.224285499884276290e-01,-2.005555580922296077e-01,7.687078918998056787e-02,-2.757756177123537045e-01,1.453205305972436190e-01
-1.658835427398071827e-01,-6.498267930920592628e-02,1.939887937952742281e-01,6.709736860748083398e-02,-1.911943374965144049e-01,1.107714470055353451e-01,-1.954769722125591080e-01,-8.191747603381976939e-02,-4.769109396985272975e-02,6.015249451256846763e-02
3.204346314228179726e-01,2.850094630393404729e-02,-1.009683130335505274e-01,-1.706481913952485052e-01,-1.232075444753396726e-01,1.933637807616390147e-01,1.270056434295900039e-01,3.514323887196656171e-02,2.373921984098317228e-01,7.553247931130174786e-02
1.103309601300510173e-01,-1.730454219109253677e-01,-1.359533378444026663e-01,1.326603287569604050e-01,7.247782234266902934e-02,2.813280848181179405e-01,-3.742557880865061276e-02,1.963174672529696407e-01,2.496965289808250055e-01,2.604681883757412053e-01
-1.433585135969382696e-01,3.485332079702326002e-02,6.703805152603396766e-02,-1.339040507924909029e-01,-5.985730903772645828e-02,1.425353684905447949e-01,1.375097412121975560e-01,-2.485726970484423981e-01,-1.769501725011732030e-01,1.242026976633242435e-01
2.925355050576058675e-03,-2.765141038568507681e-01,-1.945390848295229236e-01,-1.007571160548518946e-01,1.546137078122668818e-01,-8.630977840209935747e-02,-1.252858417865257978e-01,1.079527920455319451e-01,1.632042708306838119e-01,2.043070584836645665e-01
5.551431594315277274e-02,9.324954158371792645e-02,-2.685635780592359190e-01,-7.578790267867453745e-02,-1.370589095221203257e-01,-1.580958948629262451e-01,-1.026977448227018030e-01,2.316945630860296756e-01,1.842894150440623491e-01,-9.422105207393319595e-03
-1.503050167766629280e-02,8.690582106168145970e-02,-4.874317870434213829e-02,2.092751911197039127e-01,1.166539106877984289e-01,1.862815959797892718e-01,3.116778532673971161e-02,-5.710877128397359032e-02,-7.592879168649364907e-02,2.387247707112316597e-01
1.574743725702629216e-02,-3.278140170500676298e-01,1.431973386349411625e-01,-3.059066102652606145e-01,-1.545989217592827203e-01,2.585760163520703925e-01,2.864284006123879456e-01,7.420766039616998044e-02,-3.115725151257415018e-02,1.739201755627439450e-01
-7.946604837376167185e-02,2.348696680888842370e-01,-7.307986430251021959e-02,-1.642176851467918447e-02,-2.250314385298133879e-01,-1.735920389846763445e-01,-1.337628679310869095e-01,3.136625442470008379e-02,-2.409740002312642237e-02,-8.264789997742863492e-02
-5.610062723061677581e-02,-1.755712947826737758e-01,2.855530567678413179e-03,6.383952705095231883e-02,1.551479444795184071e-01,-1.228883823277946569e-01,4.841041611282120849e-02,-1.501836370159164991e-01,-4.264368003640728877e-01,-1.592982030981739128e-01
-3.505267498840781704e-01,2.367523208491472686e-01,-1.880594063839284014e-01,-1.593995380788987004e-01,1.391038981783108142e-01,-1.399336088959602376e-01,-3.365436655368628238e-01,-2.289473292318015274e-01,2.418575078144860335e-01,1.365814074499542286e-01
-2.592351037580253870e-01,-1.079010506857433493e-01,-7.545867389945463966e-02,2.386941614846839754e-01,-1.608809127683115126e-01,-1.569178781748349905e-01,2.164135378942960708e-01,1.607583503716766282e-01,-1.034732662043209572e-01,-1.252608043378090064e-01
-1.120984193475189628e-01,1.182242679220725651e-01,-1.358203857132031234e-01,2.739362749353720927e-01,-1.425429227789411779e-01,-7.005184996966967725e-02,-1.183204819345134440e-01,-1.034761552872290671e-02,5.459467674970987228e-02,3.616170145959290982e-01
3.694622936683514876e-03,-7.738099933588971080e-02,-8.242948416296999592e-02,9.736577481075989193e-02,-3.080558902630874951e-01,1.595956795975259079e-01,-7.845806022650868294e-02,2.437341467364115277e-01,-1.295007567866089671e-01,1.620438708952005522e-02
