8.522388622520483958e-02,1.086302672615264975e-01,-1.341669347247867183e-01,-6.931143302510679727e-02,-2.525670600309833369e-01,7.770818747001610738e-02,-3.319254710305724609e-01,1.636133779614387940e-01,-1.936678172243171681e-01,-8.159979230301160624e-02
-1.861773185037450540e-01,-2.117732901192410921e-01,-2.515828738317165136e-01,5.407375776339926748e-02,3.518015311737248546e-02,-3.908168134730777288e-02,-2.697881460036111179e-01,1.166354881952065409e-01,6.424174097620864721e-02,-5.108876049182803358e-01
2.176396927197604969e-01,-2.205269424899715669e-01,-2.062599349047231356e-01,-3.092265868789451644e-01,6.006781453464185572e-02,8.480388619185515175e-02,-9.542625817315023018e-02,2.137112624254872417e-01,-5.658244560134516599e-01,1.723471220384566183e-01
5.989866542883789946e-02,3.644454686954667344e-01,-2.453026673258352774e-01,2.054883339267130349e-01,5.377071642221073478e-02,-4.935917730170989726e-02,-1.018246123761447630e-01,-2.793226503845750441e-01,1.985333078169736754e-01,3.058695138735139860e-02
3.103472912602046607e-01,2.204029880872034886e-01,-1.548942020743886427e-01,3.422056465715747064e-01,-3.334128846802117407e-02,2.915467269649462678e-01,1.308288140060268750e-02,2.966554135058645514e-01,3.140343171851275178e-02,-7.227173516161276845e-02
3.583511486175217781e-02,-2.621618522590808409e-01,-2.356239698814069083e-01,-4.687276524415957130e-02,1.028415427542225813e-01,-3.283514971712401809e-01,-8.096006384234371092e-03,-5.961250289520345080e-02,3.844197743753880597e-02,3.330992024425349363e-01
-2.259070807195850128e-01,-8.234597491734210739e-02,3.214957939115963004e-02,1.699626446237919031e-01,2.018467573228117234e-02,-2.143476618497460739e-01,-1.917121560809782743e-01,-3.569874001873398761e-01,8.671659993104061104e-02,1.598575962700335418e-01
8.503221196871972587e-02,3.006427461855510908e-01,1.420833713942204479e-01,1.416331850998542308e-01,1.440031240042693172e-01,-8.684563123605051893e-02,1.843100186709087374e-01,-3.598969132381409919e-01,-2.342456604248682184e-01,-1.002276427979042900e-01
-1.727791542280461834e-01,-1.503220148433138392e-01,7.774865100472534707e-02,4.727975514524906941e-02,-6.933129569064812314e-02,3.520683097356543112e-02,6.840357696088315842e-02,-3.444048086123092656e-01,-1.357937423446129999e-01,1.566074866960559808e-01
-1.122758822040715726e-01,-1.248068465618298734e-01,-6.636758844592270667e-02,7.694905731974020779e-02,-1.960705539123032692e-01,4.515079000549427346e-01,2.308034095492254301e-01,-1.255417845362172546e-01,2.497733847462014767e-01,-1.235750994623011495e-01
1.577302019235727604e-01,-1.126302620862165704e-01,2.928151359335403603e-01,1.722064047572223200e-01,-2.441162925249313609e-01,9.658171046858039788e-02,-3.009034103367265178e-01,6.553589525929033599e-02,-1.866171037210265504e-01,-1.066078271488436202e-01
-1.281917920887831464e-01,1.698904036770390036e-01,1.434356608991374238e-01,-2.150247917301264244e-01,8.107043582205833432e-02,1.925927150292628121e-01,1.190553681394757451e-01,1.094772620478656477e-01,3.904037068490947004e-01,3.171809810962383791e-02
1.622887493791645708e-01,-8.997441036720286653e-03,7.383097214176977119e-02,1.600473337692915887e-01,-1.696189879058934424e-01,-1.209647099050594962e-02,-1.064390932696591269e-01,-7.112108388930522829e-02,-6.473727055601308233e-02,1.041245941783755097e-01
-2.002458671868780904e-01,1.363045963612744549e-01,2.774592481450591230e-02,-2.861130152305514929e-01,1.002842177722672729e-01,2.041214552528315407e-01,-1.095164597641944820e-01,2.238173023161188491e-02,5.158813456206393783e-02,1.104754723030475089e-01
2.202346090247551680e-01,2.276861803418377961e-01,5.622615939477739605e-02,2.711358727480270847e-01,2.708978655129318791e-01,-1.327521714592939384e-01,-3.530066090475791896e-01,2.416713205304732159e-01,2.286508611019397175e-01,1.344701051403736081e-01
1.000460555498712684e-01,3.514496848596444512e-01,-7.895453808042314503e-02,1.424099084306760243e-01,-1.227983945041497826e-01,-2.043737345580316778e-01,-2.869829868268327644e-01,-2.138780645483114307e-01,-9.649446548014660452e-02,1.799914968724945219e-01
-1.664148721047947477e-01,-1.705595511313983126e-01,-1.698999933518633154e-01,2.277304889971950019e-01,-9.453152694958884272e-02,3.420687313859099160e-02,2.592605218579298598e-01,2.130543947080184575e-01,-2.322092884728371165e-01,-2.362911321955006028e-01
-1.720838342441364521e-01,-2.671007980847919239e-01,2.328219232048245046e-01,-4.334169226151904364e-02,1.368364476869996238e-01,-3.310076981415346897e-01,4.614764149974229929e-02,-1.197928515286934142e-01,3.995767311805543953e-02,1.891987430655482916e-01
8.194900450019658444e-02,-1.119869228601244049e-01,-5.986778435314060731e-02,1.716065018106192053e-01,6.018350876144896305e-02,-1.746986988975385291e-02,8.959740450607822648e-02,1.711323118693937884e-01,1.838420282377317139e-01,1.006966660612219205e-01
-3.926612878849630728e-01,1.916828253073204480e-01,-1.233963371485966437e-01,-6.741943307124878548e-02,-5.838768136265620745e-02,1.279245323798416101e-01,4.738625702796646355e-02,-8.910352656875246413e-02,-1.680985156152758064e-01,2.130875540935836532e-01
-7.288487041712650438e-02,9.328323379533064175e-02,-5.649712098322594994e-02,-4.858381004530416825e-02,8.948220165919373859e-02,-3.353245986016273883e-01,-1.268561245711859742e-01,-1.071384917726047881e-01,4.659576753713619984e-02,2.641370844237239113e-01
-2.256390588571367817e-02,1.254066620412071231e-01,-4.315719931790409220e-02,-1.492134523283182301e-01,-1.516268196023433656e-01,-2.210626300870703054e-01,3.864678121857419157e-02,2.323221296733816166e-01,-1.149612349122296345e-01,-8.854476961441468119e-02
-6.662452023004386548e-02,-6.266612024836311357e-02,-1.771218649221046881e-01,2.712269115230141539e-02,-4.134805537098883849e-02,-6.390038038216863669e-02,5.433431123291165149e-02,7.663678998607061088e-02,1.178329738102581875e-01,-2.103753647480000044e-01
6.084986759494635106e-02,7.863113466603681434e-02,-3.634291040642281118e-02,8.336367093905017178e-02,-1.099051086732963783e-01,5.596631660488012722e-03,-1.078281885142016588e-01,1.600576984770755717e-01,-5.679854961383473677e-02,-2.145215480514385542e-02
-2.819317662554945980e-02,2.139596905747785105e-01,-4.170321828639032835e-02,1.986867385600722402e-01,1.404149953313981181e-01,-1.847588565292519469e-01,-4.189607617777970500e-02,-1.435507814977488306e-01,1.389617065138326613e-01,1.940058488898826206e-01
3.585309470502904272e-01,2.542745540857599407e-01,-2.079405998715403228e-02,3.163871240341310509e-01,-2.194507894734559483e-01,-7.842350986555406134e-02,7.233931774034084439e-02,-7.210732608799101488e-03,-7.038947144341420326e-02,4.127122519271742562e-01
-1.199187698273881594e-02,2.575071545592391153e-01,3.502476521080724603e-01,2.336789137998618870e-01,-2.044990100822863810e-01,-9.737353785738504797e-02,2.119060001722506970e-01,5.504985298834451368e-02,-3.795734420992052677e-03,1.964368225496396225e-01
-2.555095277519432995e-01,2.303978620276094999e-02,-7.908514309885773808e-02,-2.333626383956902417e-01,-4.051158011581322271e-01,-1.822702534318369483e-01,4.770546406788851723e-02,-2.419830723088285673e-01,1.808049951162258445e-02,-6.564565722344178900e-02
1.366510674411929305e-01,-2.441562549635845902e-01,8.551328414753206486e-02,3.259183724097628465e-01,-1.800553911869851031e-01,-1.538579777459992415e-01,2.465270567131713497e-01,-3.087413057481445677e-01,-1.127882213985852318e-02,-1.038321337833429253e-01
-4.681337570838771389e-02,-3.317076816310018939e-01,-1.191543548497959876e-01,1.977787729151339879e-01,-1.671423357657268183e-01,1.835024578148139185e-01,-9.240182373398780902e-02,-2.832506172487785912e-01,1.162991347046244128e-01,-1.380934704622532525e-02
1.481057230620929921e-01,2.983881273435891324e-02,-1.446947258779608669e-01,-1.601405391731852146e-01,-1.512219124420328686e-01,4.136387993691326148e-02,-2.517799002733830394e-01,-2.809900645694397014e-01,-7.604187774515405035e-03,-1.820998852499602083e-01
-5.394241309394986333e-02,1.402323582142073755e-01,5.494622979942686419e-02,-2.946043063181782440e-01,1.827902510239999001e-01,1.079684604908608264e-01,2.371539532082288237e-01,-3.704590780757431867e-01,-7.913860143777777870e-03,1.106913969571688833e-01
3.285866721701615756e-01,1.360801061687696156e-01,1.831027249884919703e-02,2.833537587772688160e-01,1.712977038479861491e-01,3.798879409897150117e-01,2.834723952132474634e-01,-2.244936759743420759e-02,2.738280997075368539e-01,5.076291919500098421e-02
-1.721007500047627425e-01,-1.233349920232882646e-01,-4.278160020742675929e-02,4.414920621610937679e-02,4.306224396453928738e-01,2.561091981415608565e-01,1.929168209488918706e-01,-2.195717225411586426e-02,2.058811972263704104e-01,-1.131633250754510017e-01
1.849640146679540700e-02,-5.022870968737399439e-02,-1.464823545083708718e-02,1.470396381771209571e-01,2.156724893358829553e-01,4.763627902460743080e-02,-5.649665664359266454e-02,1.924611682572575644e-01,3.538250414674811162e-01,-6.724129095958648883e-02
1.912523108113015347e-01,-1.465550214807689045e-01,9.965856927324177883e-02,-3.336206053868875920e-02,9.656751989927879476e-02,-3.946155723634217627e-01,9.042567706978787978e-02,-8.076457181782240036e-02,1.549339579101078335e-01,-6.374941020119311019e-02
7.660273927250732529e-02,2.873461520765320798e-01,2.837363112940965992e-01,-3.341113257578705309e-02,-6.569659470417447966e-02,1.799183366962834041e-01,4.284719268613527143e-01,1.594380198746446764e-01,-7.130659069041497822e-02,-5.867118608955088771e-02
1.079810942897265202e-01,-6.430800284970988878e-02,-2.851097818598194444e-01,2.652134584375046011e-01,-5.439034118025511816e-02,-2.014625131601176511e-01,-7.520199277027374285e-02,-3.357454872578755634e-01,2.069333429002683522e-01,1.991379263518844867e-01
8.582940794746177215e-02,-4.010526099044724457e-01,-7.409672202917808037e-02,-2.739917083631007722e-02,1.603429700586342654e-01,5.630381413057388568e-02,-1.408661913218056672e-01,-3.067746485038574597e-02,5.686315465297135663e-02,8.622907177144693847e-02
1.149239725087613240e-01,-7.062380605554655078e-02,3.044442020935444471e-01,-3.266122572032449933e-01,8.182594059031436662e-02,2.121051126518985197e-01,3.147039578545714894e-02,1.977815062578867633e-01,2.311484347071285014e-02,-1.491682739476026809e-01
-1.042616873917231179e-01,-1.543858613851998851e-01,7.318856737792654721e-02,-1.462587910119010903e-01,-2.402149895428366544e-01,4.852374006718843807e-02,-1.621191308372976758e-01,1.480622304758422679e-02,-1.300660154785932693e-02,1.036240259992479984e-01
1.987098311234112291e-01,-7.864552675267458617e-03,4.826031600452523190e-02,-1.910083654100628858e-01,-1.887829581757156650e-01,3.608010433129369976e-01,-1.194090712672797733e-01,2.897305697100123825e-02,9.665415962473077049e-02,-2.719513528852203488e-02
8.644131252363387863e-02,1.137448764145666119e-01,-2.386274659999259307e-01,-1.401373819454671543e-01,-6.612229999929962465e-02,5.184444471385524222e-02,-7.433614230077986718e-02,-2.145114503450180343e-01,-3.749227621275467645e-03,-1.603545835490163274e-01
7.763548739121725606e-02,1.478431618135769565e-01,2.204866262523437134e-02,-8.355298163982392834e-02,1.444819357562655837e-01,-1.797059318634854908e-01,-3.216396811311733606e-01,-2.804102570002861006e-01,9.517255476148141213e-02,-1.927099611555420366e-01
-2.402056470572943442e-02,5.785964209563305982e-02,-1.028168459399401991e-01,-1.369625939621233260e-02,-1.103233568582461799e-01,4.422927413908242511e-02,1.206690933094159701e-01,3.379778946926937366e-01,8.097105723223284313e-02,2.799984189690439829e-01
-5.543175331564317854e-02,2.250457924099224238e-01,-2.030750107417949313e-01,-7.455792463849955642e-02,1.278285283789860338e-01,-1.566951547911041021e-01,8.253396244389508973e-02,-3.031935477192011785e-02,3.866177507241806005e-02,-6.887101368876184793e-02
-1.116219089479833365e-01,1.877915559904238252e-01,3.326350215738826388e-01,2.756337853339581589e-01,1.077833762573028875e-01,1.774064705025804878e-01,-6.181070298186742279e-02,1.769340950768567011e-01,6.815416856656278388e-02,1.639947082216440810e-01
-1.716774705242889998e-01,1.309340707622642930e-01,-2.807562511381029857e-01,-2.647784674076724687e-01,-3.266460939600183688e-01,-6.879939761691425404e-02,-1.648401468225416389e-01,-1.799213622340075369e-01,-3.068581210717221119e-01,9.968517011764606306e-02
2.368783504332071591e-02,-1.121899595195800514e-01,-2.639104505790925703e-01,-5.445641036276400310e-02,5.367892012727141365e-02,2.966141917741199063e-01,4.153287688417354739e-01,-7.543893541792658086e-02,-2.376717225081034224e-01,1.658723271470093352e-01
-7.213045017750328858e-02,-1.321131971198102328e-01,-8.308554260031618399e-02,-1.568474968179702778e-01,1.120931949088786739e-01,9.017237120953681961e-02,-1.411156121484780646e-01,-1.544254065510216045e-01,6.695871055118743365e-02,4.618466077524152787e-03
2.856982820686856384e-01,1.022498461087518740e-01,7.541402763787666275e-02,1.660895639195092699e-01,6.624178023047153259e-03,1.583887565994070504e-02,1.614490910899629983e-01,1.465388090729253523e-01,2.327731111294744915e-01,-3.744798803584122038e-02
1.882460348424092322e-01,2.603881705890101483e-01,2.040419025669242270e-01,4.767577149856303681e-02,-1.002923966382911203e-01,3.690953906405416984e-01,-1.155684387909972251e-02,3.234429257248843115e-01,-5.734608191585323367e-02,1.615186743282913673e-01
1.609542607347370646e-01,3.138701532256348015e-02,3.122956746727438837e-01,1.390827131299068181e-02,9.016956283106855596e-02,2.174553817106512910e-01,-1.044310142264005953e-01,2.984610718443130861e-01,-1.469639411827582121e-01,-7.112002252699999028e-02
2.309263026614926384e-01,-3.541014333850047158e-01,2.416534317171804835e-01,-1.051022094284548708e-01,8.998457260719382178e-02,-1.168685208008266863e-01,3.635426929501470728e-01,-2.744144214697383233e-01,9.706606894818510523e-02,5.958084892589728121e-02
-1.754015956490351524e-01,-7.724228898745043098e-04,2.386038643677658722e-01,-1.425659798936884659e-01,-8.059766889388221556e-02,-2.689656084143802750e-01,-7.216429033113780367e-02,-4.714710473657292983e-02,2.781178216096363842e-01,6.669145985866710424e-02
1.231533008737572925e-02,-6.491724829194756019e-02,1.431072797727625523e-01,6.435055429034168724e-03,-1.368018012689510565e-01,3.517967879277041771e-02,-1.065879144694815428e-01,-1.102699952335955275e-01,3.903590104706453068e-02,-1.509999430162697609e-01
6.273052708200394477e-03,-2.654860008348697287e-01,1.481358351437691845e-01,-5.319940075387378231e-01,-3.703821817685230833e-02,-3.945508970785723858e-03,-1.751111909306745928e-01,-1.651850685634335403e-01,-9.682980802956711597e-02,5.825876486935522430e-02
-2.142387027983133074e-01,8.508220822979768727e-02,-2.879903546389819269e-01,-2.197686452565177639e-01,-3.300436211054778579e-01,-3.468393306897568640e-01,-6.995348394626843547e-02,-1.102206442844206880e-01,7.175640149906675758e-02,-1.143066944853302902e-01
-2.151742182864095076e-01,2.325026270444410792e-03,-9.893547490796639199e-02,-1.883299995854853803e-01,7.812201330383138076e-02,-1.711446041542429297e-01,1.154038333676321998e-01,-7.667934375032695038e-02,-2.852448943109321400e-01,-2.896608169635177532e-01
2.783486768790543464e-01,-3.145524771696816407e-02,-1.639721067366359808e-01,-2.070736593541368797e-01,-2.143141087049247329e-01,1.090893304355265298e-01,1.562193292441813319e-01,-6.403606660062040670e-03,1.159794336248116536e-01,-3.367749542985901123e-01
-1.170432494287842740e-01,-2.530125283809059322e-01,5.562316852055056854e-02,6.023686162320641274e-02,-1.561321254787856327e-01,-8.266459999497925704e-02,3.080441820676707576e-01,1.223500442898007579e-01,-2.013339375290275346e-01,1.181110489200351832e-01
1.142047045812902561e-01,-3.931302508441569116e-02,6.368719242824484594e-02,4.157154890322525831e-01,-1.019161986903146938e-01,-1.347936823556845920e-04,7.804260280090880020e-02,3.003750623798450703e-01,2.124392960834894095e-01,3.289887013058458848e-03
-2.919568056515299270e-01,-5.313844546512071915e-02,-5.610815129915199678e-02,1.863910882289540050e-01,-7.092225738744258046e-02,1.011912457665199300e-01,1.441115387627183164e-01,-1.787503152739973733e-01,3.265661898920167450e-01,-2.674104917976556917e-01
1.427509821804383017e-01,3.666276958236427963e-01,-2.708060525457910428e-01,2.467826573852684724e-01,4.622139781348866966e-02,-1.455849150874336528e-01,-1.492957184964806561e-01,1.693489593040616303e-01,-3.788524276364285681e-02,1.122755360798934343e-01
1.324869743808352457e-02,-2.709676389023151777e-01,3.144263443051457663e-01,2.652283551862698839e-03,5.073701018620018627e-03,-1.059440361403304470e-01,-3.039463309543821712e-01,-1.599682991623457007e-01,-3.895462223460309237e-01,1.100416313202917939e-01
-2.031694676607394556e-01,-2.010310289888674051e-01,8.958452517803050519e-02,5.065318051426180579e-02,2.211694161148352322e-01,1.937825836022995518e-01,-2.567056531995133839e-01,-1.069489508885596712e-01,-2.334583938925186841e-01,1.521654823169563964e-01
-9.196061529925672606e-02,-2.607560088507830942e-01,-2.098653905553770627e-01,1.329863520801094767e-01,-1.060824030202034834e-01,-1.635598438138587962e-01,-5.300669149197966695e-02,-9.614425153214614661e-02,1.044567963454802184e-01,-1.019378175268815107e-01
1.288950805245134404e-05,1.626820379140578587e-01,-2.863993760765821683e-01,-1.381194591192896060e-01,-1.650863677607537217e-01,-1.446290573190580908e-01,1.548266510049136069e-01,-9.735883125636080049e-02,3.698996829471945524e-01,4.197612161555654836e-02
1.783346072273712668e-01,2.202065092008568536e-01,1.505017835409534765e-01,-1.519102237118820364e-01,-3.279223296204109572e-01,2.682739461470432518e-01,-7.094881781170801760e-02,-1.977485152290210657e-01,-1.647188787978613456e-01,-1.647975665182306038e-01
-1.388812569215812642e-01,-1.025791811082731736e-01,-5.584574419440532789e-02,9.240512644074486137e-02,4.261839502841498206e-02,-4.624130149104740406e-01,-1.975597463406617293e-01,7.448784111787729034e-02,7.763128896260022838e-02,2.035380535303925598e-01
1.002000832143381814e-01,-5.058370493113469729e-02,1.276170211905808261e-01,-1.059667824004002362e-01,-1.354324575769161598e-01,1.241792854662389226e-04,-1.189771448956241859e-02,-2.343898087560396248e-01,2.272697184521631497e-01,1.955755780716300074e-01
-3.074673985254489789e-02,2.057258763414001046e-01,-3.945662409002494847e-02,-2.932632647131367953e-01,1.870027726600476115e-01,-2.595810968908955352e-01,1.267390391334368704e-01,-1.857736699188551888e-01,3.921136124068175244e-02,2.473761702415424035e-01
-7.210636553088767275e-02,6.887542077212924219e-02,-5.915170864055393357e-02,2.847903367938104946e-01,2.562291116941771141e-01,3.557852790422264683e-02,1.568476544516255733e-01,8.528482550948908447e-02,5.218433392476416743e-02,-1.451225656192711155e-01
-1.400603838878001217e-01,-3.355396034912503517e-02,-1.123332970369862877e-01,3.807923412095597926e-01,-4.032034146910500744e-02,-1.339769758991613824e-01,-2.762960448120093671e-01,6.002427123193480006e-03,1.555988316028378282e-01,3.756145672048204487e-01
-1.477040483480880628e-01,5.613729125003605151e-03,2.040836013628331280e-01,7.198180241696096326e-02,-5.541380377349298253e-02,-2.944178418571848921e-01,1.467775716889705047e-02,1.625808912247587723e-01,-2.989145451646449403e-02,8.621246416528884071e-02
3.321556717178307250e-01,1.917213407149662707e-01,-1.781071422833241658e-01,-6.807732277397038345e-02,2.009679190486195199e-01,-1.336754285637538897e-01,2.308502967764174685e-01,-8.795534893930490039e-02,1.748919625109041434e-02,-3.156102768407509918e-01
-6.717100907488227080e-02,2.549365755798245758e-01,-1.100879112493894363e-01,2.980896336184196138e-01,3.229510744766434828e-03,-4.453313586460622142e-02,-2.361970809936508042e-01,1.605268669214710009e-01,-3.469535023261083317e-01,7.692575275858133665e-02
1.226517211974304140e-02,-2.174542045721820083e-01,2.466593809946742710e-01,1.939997223263550119e-01,6.276969092071872647e-02,-3.136925786223053736e-01,4.553846921571519379e-02,1.583149435237792002e-01,-4.797874239765096416e-01,-7.442330013727474491e-02
-2.677389650413951327e-02,2.005257918429406705e-02,-6.465289663403644450e-03,-3.891038216285432061e-02,-2.493377983684950949e-01,-9.604660749997136204e-02,-3.404387876971985416e-01,-1.280347194689042400e-01,-1.065243989943566727e-01,-2.930876740655934398e-01
-1.536544663017356538e-01,9.315457753679711600e-03,5.595979729777787043e-02,-6.514822050233892714e-02,-1.824642800580468516e-01,4.845200122201606674e-02,-1.129701617293461524e-01,-1.348981540269525436e-01,1.730521037607340995e-01,2.117525083892889681e-01
1.656933862716191697e-01,-6.867861916314836612e-02,-6.329975290705484869e-02,9.261260044628402688e-02,2.052092326727152083e-01,1.109056538966467637e-01,-6.886206885476777589e-03,-1.051960949451222621e-01,-1.501919087049256030e-01,2.785588026800259187e-01
-1.348898497122113516e-01,-1.438320603101767188e-03,-1.927044197813816348e-02,-3.330454251717711034e-01,1.004746262388648420e-02,-8.296233723522845882e-02,-2.896707389147613609e-01,-2.226141548144152382e-01,-7.027326796729241321e-02,-2.041413694496327369e-01
-1.036047776727987701e-01,-3.539164678436336198e-01,4.016949245599215623e-01,9.344547055300185534e-02,8.183203260948412883e-02,-3.075772039470253127e-01,1.243949055177502039e-01,3.662511624422332135e-01,1.407654416534943054e-01,6.033010853540451968e-03
1.053004549833662373e-01,1.270796339995879654e-01,-2.133310518638295225e-02,-1.599649805333826225e-01,-2.777775915622175407e-01,-2.363881536565412278e-01,-4.463304060718388533e-02,5.295005863048900252e-02,-2.623731517295110893e-01,-1.565808871038676386e-02
1.728614115826266895e-01,-2.848166502282725721e-01,1.102744437261626576e-01,3.505628181464751081e-01,-8.507103305541757754e-02,3.006419145389494906e-04,1.022012322129690481e-01,8.011883853700803304e-02,-5.115074380956586841e-01,1.440244383233157399e-01
8.135231626061556476e-02,4.987629445762545854e-01,1.542659467402980947e-02,3.078980550002912153e-01,-1.873782929400524822e-01,2.523411324804001321e-01,-1.583215298160355888e-01,-2.478987625476887502e-01,1.730150282806736384e-01,1.279489019641190661e-01
2.794431330735714925e-01,1.257935509778601024e-01,1.299870773730785745e-01,-3.149309486649740780e-03,-9.884932563174007869e-02,6.947342164462191882e-02,-1.507325911081957848e-01,2.059124156647032799e-01,-1.210531982564217249e-02,-9.063484873999935743e-02
4.434672492496769675e-02,1.923268405547038928e-01,2.229281725795835001e-01,1.945126364161666177e-01,-9.974325244679888014e-02,3.664382636541289595e-01,1.072697814297527419e-01,8.722552352868689907e-02,1.880181978859706282e-01,-2.537384866854526244e-01
2.456265618156456068e-02,-1.493131694409163823e-01,1.162394159198985128e-03,3.249849473912328618e-02,9.243932017205143403e-02,2.239981309850272162e-01,-1.980686052516562601e-01,-1.353277829037365931e-01,-1.081356645200278084e-02,-6.494012181804328931e-02
4.526844194848207020e-02,-1.246737802879430562e-01,1.396040578481898102e-02,-1.235916522274385365e-01,3.338477863840907944e-01,5.624214772732392953e-02,-8.204324028895962351e-02,1.128841645840137492e-01,-2.579146361739493437e-02,4.655820907194432173e-03
-2.234856215014757383e-02,-3.579428362951347226e-02,-1.345554306874499617e-01,-1.003484017981821075e-01,-2.635383196524150318e-01,-6.834355035564053382e-02,-7.782658769944522659e-03,-6.086178009897617175e-02,-1.665856477420910031e-01,1.291013475171708391e-01
1.777842406387910856e-01,-2.197537437119791159e-01,3.277616631288502447e-01,7.730427749862386899e-02,-2.066319634066416389e-01,-1.296096328725716007e-01,-1.435127749144262388e-01,1.204555978320996645e-01,9.969920134446164095e-02,3.767943518651196283e-02
1.076137797592262996e-01,-8.774197280506618180e-02,-9.686819521637286823e-02,-2.999470140067602153e-01,2.291041565112445222e-01,-1.766027406391061927e-01,9.300696730517990507e-02,8.160756906459259996e-02,-2.380062732256012781e-01,-1.373383143859042976e-01
2.253389750407568670e-01,-1.608936218507981686e-01,-7.780544822077656297e-02,-2.011131562687000843e-02,1.118121846690007387e-01,-2.588383102942544700e-01,-3.546948432867034207e-01,-2.099824822333056507e-01,-1.574964967112564215e-02,4.634559439613792908e-01
-1.409230177475541967e-01,-1.730253164441134806e-01,1.658998024742971700e-01,-2.501504654398689284e-02,-2.393117072553115621e-01,-2.102920193473400146e-01,-3.218455838834480831e-01,8.286321834093499095e-02,-3.973181833546209768e-02,1.671863220395606447e-02
8.424437268230705600e-02,-1.708282120186538633e-01,6.324628199631707193e-02,-1.525173326733581247e-01,-1.777847002720556457e-01,-4.293426856188563290e-02,-2.821341838802987785e-03,-7.213047367305274078e-03,-1.258970299094201717e-02,-1.946306054440959110e-01
3.866535783272405380e-02,8.373379271032622972e-02,-1.393613240127691832e-01,1.534342300491237376e-01,2.282764080926633424e-02,1.690681322430855060e-02,2.286404290508665949e-01,1.473277024103772093e-01,2.377278547734599790e-01,-2.493166280554020009e-01
-1.740575409404676588e-01,-4.610543659653998372e-01,-2.374241034139991657e-01,-3.271900122822501977e-02,-1.740198504757912434e-01,-1.606164780260753433e-01,6.658006464852549156e-02,1.096043585994176395e-01,-1.900992749345239707e-01,-2.376871199913761779e-01
-2.107456216510215641e-01,-2.665666833047962425e-02,8.212796382218610913e-02,-5.759125250685217384e-02,-1.658546947267543897e-02,-1.788381785231015764e-01,-1.459894362839927497e-02,-1.600353163422852942e-01,2.462854507327643869e-02,2.694078545788898549e-02
-2.158304926460598294e-01,-3.633544975077968291e-03,-2.635997445172598153e-01,-7.586170743297067365e-02,2.605896002541606693e-01,-1.711754637564801701e-02,-2.551055601781666016e-01,2.430220782652149358e-01,-1.565936646163041956e-01,-1.322313824576978047e-01
1.654362280513766714e-01,-4.188310304734858824e-02,2.183385932002801511e-01,3.030815783746915737e-01,3.110451963949117937e-01,-3.384642065288193113e-01,1.281916347018929869e-01,1.710548678576985226e-01,2.193101072588358180e-01,1.686587232443998580e-02
2.418409936104291488e-02,-4.494797476894962091e-02,-1.243226557467898702e-01,-9.712667621807672541e-03,2.941640908334269278e-01,6.490066092164442635e-02,-1.158149739486482449e-01,4.152889124877423010e-01,-2.389237337857104959e-01,9.808800913168500002e-02
1.606817391639937809e-01,1.817847735234883466e-01,-9.540192940363910468e-02,-1.052091222732296633e-01,-1.346601947270026009e-02,1.287458314373960411e-01,1.316902082567937282e-01,-9.662781531812214553e-02,-1.954685292995394230e-01,9.807898516631834152e-02
-7.170190602100940183e-03,-3.296644773639661463e-01,4.409737509844000036e-01,2.260940503380232391e-01,-6.066018917618797718e-02,-4.434216189634324068e-02,-1.690871578483801596e-01,-5.965816210048002083e-02,-2.138799586374599826e-01,1.567359373392790411e-01
-8.005199127044811125e-02,-3.435195098129550373e-01,-2.676207220686451782e-01,1.566560937946670506e-01,-1.940546751473808118e-02,3.798429223782386760e-02,1.073810684272528612e-02,-6.766562989190230692e-02,2.632293122443514766e-01,-2.364087142268204711e-01
1.750235001162701587e-01,3.765784000813565680e-02,1.789333043837635362e-01,6.451493100945579484e-02,5.078252594359885380e-02,2.114953433447840647e-01,1.020641621173331154e-01,2.111434030733086997e-01,8.437531821128615994e-02,-9.975406906779096805e-02
-1.508826134226584348e-01,-1.323042341263905575e-01,-1.477465077892484158e-01,7.424434498140645988e-02,-9.873046758904915898e-02,2.702020909864189524e-01,1.389352282661897031e-01,-5.913519252230536177e-02,-4.594675040017377754e-02,-1.063897593963357285e-01
8.854662607872428037e-02,1.018059849716478615e-01,1.730941276851237498e-01,-2.092432108989432382e-02,-1.770437473729851441e-01,1.139264730808713794e-01,1.135449982244877282e-01,7.972258903634585336e-02,-1.197432288906029180e-01,2.341652369548845314e-01
-1.092926560169669298e-01,5.007804792382333087e-02,4.986117761356154837e-02,2.472486587859025475e-01,2.167997563191622148e-04,-3.153750635211990255e-02,1.624199189005946509e-01,-6.854252379781697324e-02,-2.660127334733685678e-01,-3.157712670409628525e-02
-1.406825774789162153e-01,-4.405935678401751154e-01,-2.625330986257104135e-02,-2.423548905582307567e-01,1.966242384701160154e-02,2.178794515850257796e-01,-2.030652229612568416e-01,3.286246668298749563e-01,1.813204989775932807e-01,2.132077600337678180e-01
1.942580390088854692e-01,1.717141604563801605e-01,-1.254130574876829440e-01,-2.069158692483474282e-01,4.627450164545862665e-02,-9.692475459728773501e-02,1.056249473764493962e-01,8.890832370668971807e-02,1.330836293189933128e-01,-2.167803615338190493e-01
-7.885346862186815020e-02,2.763770813463566900e-01,9.952381429935099055e-02,-1.279175737948359814e-01,-2.419182484170572314e-02,8.773756566983531568e-02,1.296926694273077829e-01,9.229072425221092335e-02,9.795474140062508661e-02,2.261868038755706356e-01
-5.321935899974350459e-02,-1.505602332517859410e-01,1.024251532992632718e-01,-3.170066734124500629e-02,3.672085465744406862e-01,2.680071503472921876e-02,7.143657243107325028e-02,-1.484277540053342004e-01,1.209415328901485148e-01,4.207023186764336647e-02
-3.773396116407636697e-02,3.054581038645572955e-01,-9.391788036376569337e-02,-1.908618482496412527e-01,-6.754680684528337198e-02,-4.561522526023570334e-02,1.361779555961110770e-02,-3.351540768648021418e-01,1.815105122814185956e-01,-1.084114997934320368e-01
1.697826496566139098e-01,-1.783390100215311302e-01,-5.507797754832045173e-02,8.246578426115606930e-02,-5.765094637187352655e-02,4.823395704817540208e-02,4.044823492702550455e-02,7.603222284423463706e-02,2.734391190246119319e-01,2.490932159142066893e-01
-1.300354090186346158e-02,-6.249028838118676765e-02,-4.432728301594831555e-01,1.060809023232937159e-01,8.767198174167158131e-02,2.517984962473316171e-02,1.216351764392893525e-01,-6.306788369126793692e-02,-4.739206765031944713e-02,2.343390069732904923e-02
3.376747430045597964e-01,-4.811150782446175708e-03,5.745580539981189755e-02,2.422345905199961291e-01,-1.008155645857095051e-02,6.097261923427693339e-03,-1.407714558800589044e-01,-4.191232140719248350e-02,6.279611991578831764e-02,-3.610764945787654778e-02
-1.876279588198117021e-01,7.530771162878233116e-02,2.930092336128979902e-01,5.133249193384201853e-02,-6.838562046166246459e-03,1.108534541600064878e-02,-3.009390527285870851e-02,2.259726014875295952e-01,4.001025565795452571e-02,-1.992987738752396154e-01
-1.855162630959029668e-01,3.802867814898765464e-01,-1.790635900284596460e-01,2.780984404509125874e-01,-5.984203969456357991e-02,6.367780959378951944e-02,2.192276491862797660e-01,-6.299868853603728114e-02,-5.014471167771621801e-02,-4.468580636585189197e-02
1.585371946492190043e-01,1.024193357803098725e-01,3.688182230450494647e-01,2.876113662080505007e-01,7.425082467420238315e-03,4.030612518348443696e-01,1.278174287234104811e-01,5.619115957493551333e-02,1.500134726258396389e-01,2.954449591121001140e-01
-1.589568002464512575e-01,1.721435075408056514e-01,8.750593122841206217e-02,5.721416596584528308e-02,3.343029949602410733e-02,-2.118194021045223530e-01,2.441374716438675929e-01,-1.563569771253303653e-01,3.968890891332015058e-02,-2.543664529539005903e-01
-2.372777100045277143e-02,-2.511071219085424244e-02,3.227412993819276515e-02,-4.015964021975864107e-01,-6.038650612707818950e-03,1.333076087501065127e-02,-1.576644726054450829e-01,-2.036185249966041555e-01,2.421747540882579486e-02,2.374346392964157143e-02
2.525796918518309342e-01,-1.104129517112319020e-01,1.414156545702464352e-01,-1.308112228574245806e-01,-2.012060429197750078e-01,5.115298115266945361e-02,-1.339592164654875017e-01,-1.314520502062001966e-02,-9.385651444690251699e-02,2.051086434319604190e-01
2.326051377994153846e-01,7.794436257625064757e-02,3.600927210417388946e-01,2.191082185933137822e-03,1.745173330029348990e-01,-1.960020195206419943e-02,-4.532688947442598676e-02,-7.855088819426837843e-02,8.961721163290790881e-02,1.340355720397242711e-01
3.390063687204551701e-02,-3.891388034895253423e-01,-1.074995515786258404e-01,2.953455191748102435e-02,-6.041899836127002238e-02,-1.040749796884317263e-01,1.307814673808556094e-01,1.224174125202707880e-01,2.060289860226270919e-01,-1.051453553509247851e-01
1.072939957133179321e-02,-1.767298629644001862e-01,1.806450546108023525e-01,-2.972853961085202834e-01,1.494059932298412441e-01,-3.370402950337978432e-01,1.578045754715955706e-01,-2.674501296285302088e-01,2.450199321099549299e-01,-2.493208894531732667e-01
-2.702235196125585825e-01,8.983133354971262197e-02,-1.877228762497954451e-01,1.743072945067805635e-01,-1.882822017937684778e-01,-7.043769922654222193e-02,-8.001694251085810297e-03,4.559025031305308229e-02,-1.725607162129572103e-02,6.452434472752056893e-02
2.717700862019589367e-02,1.692758867733456241e-01,5.762952770751782194e-02,-5.678900008884749800e-02,5.929992966335353999e-02,-1.268648919240757400e-01,2.974811781912473641e-01,-2.669293386810556862e-02,5.145804258909187842e-03,1.016736650027502548e-01
-2.600210818328498735e-02,-2.527719659476844183e-01,3.439997587546683167e-01,6.583083102953983523e-02,-2.190699379658778423e-01,-9.858119973648532541e-02,1.826766049638499090e-01,1.746760552520455201e-01,-1.526447332326104078e-01,4.221141760207184485e-02
-1.330489707632495633e-01,1.915857452288767249e-01,2.541666509481186886e-01,-1.941194860009823886e-01,1.674926048505067655e-01,-6.539913030120799581e-03,-7.933739791742368264e-02,-4.961133156737106420e-01,-2.684928244865371072e-01,1.019208157660075609e-01
-6.395190583342263979e-02,-6.149663983660556138e-02,2.293416725927606425e-02,-3.481905996025573269e-01,1.022067417547164458e-01,5.219128527582759386e-02,-9.881943895091065133e-02,-2.909430303838556053e-01,1.988422030686928244e-01,2.651981851977939231e-01
-2.552542715505018434e-01,-1.348755541580086426e-01,-2.192470237455372839e-01,-6.046669473833147374e-02,-1.995394515215365150e-01,-4.799422218422071118e-02,-1.609069829103983995e-01,-2.516958909924202348e-01,-2.488518942700590486e-01,1.037788891542868949e-02
2.248934634079382544e-01,2.225968996927638333e-01,4.476049814025856444e-02,1.262734192271124378e-01,6.684991676350844625e-02,-2.383368291782158588e-01,-2.030409545664440540e-01,-1.721763221558047230e-01,-6.962101317912645915e-02,8.748456628099539334e-02
6.145106692842979002e-02,1.643139015523208679e-01,-1.298416784773783611e-02,-2.184893004961621366e-01,7.873353492296535083e-02,3.015678956528851651e-01,-8.977167286320650308e-02,4.348401830595328282e-02,-1.399229066708752023e-01,-1.268109843062057429e-01
-4.853905555146828532e-02,-1.170355507879648344e-01,1.194324305252104368e-01,6.031074714952545240e-02,1.601894779407896097e-01,1.245305286530494215e-01,1.149881335030971188e-02,1.547404778292678362e-01,7.297760935460984033e-02,3.168813515404072523e-01
2.088147735913064296e-01,8.340367291239625391e-02,3.312097307980419458e-01,1.746401059087028529e-01,-3.971801452617591127e-02,-1.049772302893616505e-01,1.071400980057804070e-01,-1.078589783153298537e-01,-1.463336704812051858e-01,-2.796170896814557105e-01
2.272048218672093056e-01,-8.912461126141958678e-02,1.462264823439592409e-01,-3.830781566643872149e-01,5.706313481090806265e-03,2.045750136787887197e-01,1.757049494371149337e-02,-1.932438536729345624e-01,1.217123269298893279e-01,-2.968515909129737507e-01
3.948427575577058146e-01,-3.070576861162364057e-01,2.335499758650458058e-01,1.694279937730488669e-02,-2.605383832471002137e-01,-1.627883279650339798e-01,3.487134949294931618e-02,5.041535865445363057e-02,-3.629045157676950017e-01,4.286989716390594840e-02
-3.764729886658363389e-02,1.889639582133990081e-01,-7.077030801297128082e-02,-4.843546812782022204e-02,-1.204825972501366860e-01,7.253785936076449781e-02,-9.679351207616730679e-02,-6.511987096097249239e-02,7.189147243809822230e-02,-2.376924189501824214e-01
-1.199516688689812594e-01,9.308652331558588122e-02,-1.582949138811594325e-01,-7.260792053523000555e-02,1.731202587779813451e-01,-1.837706867572540953e-02,7.471454382905659553e-02,1.355008906266919055e-01,-6.598645508870962240e-02,3.501688758775394206e-01
-1.750345415009485484e-01,8.925633218045984918e-02,-4.342918532350836108e-02,1.447517633794335457e-01,1.909998164916067165e-01,-1.059048715685454722e-01,-9.692117072972299130e-02,-1.432182357642852212e-02,3.229612706983424064e-01,-3.228597691705914485e-02
1.478858744206120075e-02,-1.910169510020894024e-01,-1.328365927471576446e-01,1.743510427198974033e-01,3.694195851802251074e-01,-1.746931602464226463e-01,-4.554404153912586933e-02,3.451183182178105269e-01,1.528670299213312767e-01,2.100386976207104239e-01
1.292943547156355510e-01,-2.112330275006508440e-01,9.331926653482165712e-02,3.187149657387725044e-01,-1.658973172375812488e-01,-7.829459402940562585e-02,-1.743869119488587055e-02,-1.041447230559594261e-01,-1.541452033827600543e-01,-2.966075792083541218e-01
1.601375725687839979e-01,1.571425761711410796e-01,1.137909180829596578e-01,8.443956065174725023e-02,2.345464252901217628e-01,2.891894160390305890e-01,-6.509441086681899864e-03,2.248748547001156173e-01,2.026173627260476340e-01,3.591757161068864779e-01
-1.025728594916310438e-01,-1.885843953473861079e-01,-4.180705742497853837e-03,1.735118833816134132e-01,-2.953789832608143540e-01,-2.108074196812890350e-02,-3.274163197822670401e-01,1.918208526426318228e-01,3.373729106404034783e-01,1.972173848423225406e-02
-7.003514784871833071e-03,7.403780929511539132e-04,2.249917377181543873e-02,-2.841864206896102529e-01,-2.100631451863711197e-01,1.311578410184446597e-01,2.561446966745655196e-01,7.537389602371745434e-02,-7.603072935206904755e-03,2.158690984148066427e-01
1.463062721451260373e-01,-2.507838924192217211e-01,9.417495332939507247e-02,-1.000687601258497816e-01,1.992391124396152291e-01,-1.822224934445193234e-01,-9.327658348791883569e-04,-2.071742249002006819e-01,-2.938086352610257412e-01,-6.059026368354610004e-02
-5.534960361254184780e-02,7.687619414346968938e-02,-3.282509285346875416e-02,3.657973201088904336e-01,3.737672991545282902e-02,1.143002923076199828e-01,-3.499084965178789891e-02,-1.371971176367481893e-01,1.567094755264603623e-01,-2.113682803267871724e-01
1.871577082826461902e-01,-2.382276252067312972e-01,-4.363728387067936088e-02,-7.761946930855614935e-02,-1.307850337618948929e-02,-1.112534001592283966e-01,6.465527886873453922e-02,3.890009133074244785e-01,-1.622039620841878027e-02,5.683651804179340461e-02
-2.044612426191447785e-01,8.263132958871567679e-02,5.681430333173556613e-02,-2.641354309930660227e-01,6.425127034401412196e-02,1.604504999386896225e-01,-2.310449448598334357e-02,2.512111033827350570e-01,-3.963351060610073584e-01,1.262656319120037673e-01
1.686996171208045847e-01,-9.473508549366715936e-02,-4.278184487382224455e-01,-1.557642457845920085e-02,1.899846230270099690e-02,-5.888063460040442176e-02,2.466764696485861108e-01,-1.989760921962775431e-01,-5.194205397535672786e-01,2.332887038956471190e-02
-6.487421017860114936e-02,3.646394688597908579e-02,-1.832250023250833748e-01,-1.421514617108842471e-01,-3.624374738690098741e-01,-4.702759520050318193e-02,-6.439046361745234814e-02,-3.495981262240074883e-02,-2.103115289675455135e-01,-1.402604412874786100e-01
2.978447276829042645e-01,1.762062995079867189e-01,-1.063896576082173917e-01,-8.564395658709625381e-02,-9.334341862323767419e-03,-1.901985532946968982e-01,7.739607806867961071e-02,9.517273318408892013e-02,-1.932679085991617640e-01,-1.946806250275913419e-01
-4.634928427529536044e-02,-2.937428720160094667e-02,4.853985810647646129e-03,1.558856503846250408e-01,-1.014525134571175463e-01,1.556623239595502639e-01,9.126554648740466125e-02,-2.729577670028308645e-01,-1.304972185173779164e-01,1.277534655593468849e-01
-6.051511189382793171e-03,-2.442595060049341793e-01,-1.750878051554360382e-01,-4.077392688455020592e-02,8.894426168163248325e-02,6.343683239689609787e-02,8.430097764182177544e-02,2.215188768908001593e-01,1.204543662729036513e-01,-1.747983329029061117e-01
3.856874281566662500e-03,-7.748734914332920665e-02,4.392570130046050125e-02,2.453011481299570418e-02,-2.887552965736081556e-01,-1.193301858199404819e-01,3.102453213020485434e-02,-2.523979488029505780e-01,-3.973247381660261618e-02,2.008966705547225728e-01
1.355481461641825369e-01,-6.462670740226060528e-02,-7.751850295682598257e-02,-1.565508155808283119e-01,7.845186307765528166e-02,1.270514933128232549e-01,-1.892992631322831243e-01,1.687887130475970998e-01,2.133190324562030116e-01,-1.435119362128300657e-01
-2.053082490948286709e-01,-1.824778548566891867e-01,-1.032168682138186327e-01,3.282656711500924612e-02,1.189919066447842622e-01,-2.530169264030072140e-01,-3.656046549834818943e-02,-1.222402045863905523e-01,-1.163548407948786223e-01,7.343990642670063240e-02
-1.993324420483137127e-01,-1.050382274992828074e-01,-6.469204746691327446e-02,-6.799964865522660495e-02,-1.041457963232783751e-01,-1.579018624489687550e-01,-8.228104081348602827e-02,-1.639137380834556623e-01,3.050597463311200963e-01,-2.781438483366547865e-01
5.052636113198406050e-04,-7.382669781422707134e-02,2.654710422175199369e-01,-6.939306476687404079e-02,-2.527827072770304495e-01,-2.444663629241933256e-01,-3.412834403206476026e-03,2.877247689461050473e-01,-3.324648900625970516e-01,1.670582665555547519e-01
6.439922984883275636e-02,7.279490291354658027e-02,-2.332308292742880929e-01,-2.209104648022498091e-02,-1.060202744041552347e-01,-1.818093133708350295e-01,-1.361341586502935463e-01,-1.251637281282958203e-01,8.883509780327883409e-02,-4.484928702393554956e-02
3.487308024025889130e-01,2.070646044380720363e-01,-1.888369432624443719e-02,1.376041233694592081e-01,3.840771604905345721e-02,-6.668117697535495825e-02,1.506285218168337270e-01,1.897606408227308639e-01,8.093829692334493509e-02,1.308742651619404784e-01
1.278768161051805075e-01,1.631366899791879266e-01,-7.969537205700512328e-02,-1.113899378499038501e-01,-2.489639891292784457e-01,-1.987154105645651259e-01,1.974252199611832223e-02,-1.536852894563197902e-01,-1.222632224877109736e-01,2.266546667740930443e-01
-1.243892683237905750e-01,-2.789189565712431595e-01,-1.937312102277943260e-01,-2.445117704815897297e-01,-7.116279720559914868e-02,-1.802753663627164604e-01,1.277136153643136374e-01,5.712237585498201875e-02,2.939502270636664694e-01,1.240549378895541011e-01
5.710981420434246836e-02,2.093179850002298836e-01,2.749542085989504780e-01,3.052691378056889282e-01,3.797691575746608983e-01,2.967823350126886917e-01,2.431569819699954671e-01,9.887634273538091489e-02,-6.078484231600702475e-02,-6.364935724263076633e-02
-1.123539445872191733e-01,-2.714777305903959270e-01,-5.116139024176106359e-02,-5.731809430380858245e-02,1.929025374510463242e-01,-1.847531989557233689e-01,-1.901880193839099176e-01,5.246966371523790335e-02,3.213564226892563491e-01,1.554084348420571304e-01
-6.116865877774620153e-02,1.545714225207238945e-01,-4.005393233766101069e-02,1.366204862960739841e-01,-9.722395220437979324e-02,3.719440457559756164e-01,-1.717954920893542681e-02,8.468008119882707019e-02,2.969000032742034056e-01,3.964099334943683994e-02
2.266130010223476599e-01,-1.130960090719012739e-01,-2.101981177813991297e-01,2.700186551694753745e-01,-1.684635406120146839e-01,1.982825901384675793e-01,1.260281901771702351e-01,-1.038052664490264898e-01,-1.370147766126781352e-01,1.919201648327437670e-01
-1.369252179944893955e-01,2.336498377208742483e-01,5.718290827968270512e-02,1.346868603078619220e-01,2.518737838515291982e-01,-1.691107658063749630e-01,8.055027423230728956e-02,1.091719533031280109e-01,-8.291911039613289458e-02,-2.927212977613299349e-01
2.793322518267297716e-01,5.074516163996633383e-02,-3.133335829647229676e-01,-2.748783325826163401e-02,1.091612195800893970e-01,-3.864140333508740421e-01,1.372699167115831453e-01,5.559407013801406089e-02,2.679248013817281393e-01,1.003087693248781581e-01
-6.831512025451477732e-02,1.260425369365022197e-01,-1.014711824221269515e-01,-1.264799241782394446e-01,-3.056239003477501659e-01,-6.492232425954783115e-02,2.055131948645362860e-01,-2.380279525300680599e-01,-1.095364657438900186e-01,-1.762231478665948758e-01
-1.942229674056980895e-02,7.659074650939017015e-02,4.116226345438168677e-01,-1.896243280420093213e-01,-8.402807665315410734e-02,-6.855858447105141196e-02,-1.489467399638253475e-01,2.230674041513173722e-01,1.577266326509470795e-01,3.819383725552205622e-02
5.449275967793732606e-02,-1.382554519763120326e-01,2.581454324988438631e-01,9.123020074402977964e-02,-4.025684634792106031e-01,-2.917330976623589978e-01,1.557269150650190115e-01,-1.866628442004294175e-01,7.933073228744533245e-02,1.711939944234386612e-01
-1.278942596438008457e-02,-1.810628427263263063e-01,5.979756909057325903e-02,-3.254194864104077017e-02,-2.068113412088010139e-01,2.618601305236804844e-02,-3.549737641678984285e-02,-1.311185926260808321e-01,1.986567491494661830e-01,1.776482889273193200e-01
-1.891101430213081303e-01,-1.442274388138647390e-01,7.249922631507485851e-03,6.306944266368604349e-03,1.637632899824406629e-01,1.043634234063400140e-01,-2.071791012019057188e-01,-1.864776695200371925e-01,-1.906941744037510614e-02,1.056911606669950487e-01
5.460857988969119309e-02,-8.878780277029811596e-02,2.546395225209062696e-01,-2.161121066183747663e-01,-2.106419720416917996e-01,8.404254618344042527e-02,1.810276331723142673e-01,1.189836224459707714e-01,-1.304296455465557211e-02,2.579716390207394405e-01
-1.232535993114139694e-01,-2.127404070976761929e-01,5.181447267763465703e-02,-7.560110136773572076e-02,-2.189311418824706201e-01,1.118423568664335538e-01,-2.136311298652489310e-01,-1.340764945457061375e-01,-3.524318729449067433e-01,-1.250037552949765651e-01
-2.084492962263709281e-01,7.374164280403738315e-03,7.784580500173009232e-02,-3.367843551123197304e-02,-1.294853900719490462e-02,-5.327733716751196363e-02,5.539096642872281401e-02,5.859544608264710686e-02,-9.385252872091662257e-02,6.467010063629242966e-02
-1.355183044563850470e-01,8.039265912874860032e-02,1.785333739202961748e-02,-4.001220046453388135e-02,-1.637816253364152708e-01,-6.909650070073405925e-02,2.477648868081935296e-01,2.986710983481600801e-01,1.054596348613965201e-01,1.956420177980058572e-01
-5.726129245802635825e-02,-1.531488616354631793e-01,-8.743359992515541135e-02,1.158540749107282719e-01,-1.545430748161483459e-01,-1.123721598384898185e-01,4.530272397078310021e-04,8.885072795345239083e-02,-7.221669294729853028e-02,-1.814124509548987463e-01
-2.393795304885550645e-01,-2.303445344075921442e-01,1.704759792381064232e-01,-9.948461918159057227e-02,-5.624028273760942748e-02,8.937054680475058077e-02,1.260860729068333796e-01,1.122910318451901257e-01,4.662647174282170959e-03,-7.996889379701599410e-02
1.011638730624442456e-01,1.557948263393612864e-01,1.898233233525088159e-01,-2.834282621565094654e-02,2.426290399002716258e-01,3.084498126522344785e-01,-6.218052697991434397e-02,-4.024717440882422115e-02,-3.005988194685438875e-01,6.513862187322554120e-02
1.736126485054040672e-02,1.798207380665304556e-01,1.969118131274394390e-01,1.755057535036161354e-01,9.060336107590521992e-02,-4.030733453601936800e-02,3.161189327379944625e-01,3.449103729163995741e-02,9.989186552316114964e-02,3.031187284751310279e-04
-8.998658668522814541e-02,4.722801944713183459e-02,4.272411385431109099e-01,-1.298125202376773923e-01,2.385250267434769478e-01,-1.372611923764153752e-01,-5.025946738824175336e-02,2.543062689642324736e-01,-3.177116922617891359e-01,-3.377549356302216865e-01
-1.534986848029251949e-01,7.190737660634165251e-02,-3.529161004981004046e-01,-1.522322518671183067e-01,-7.050532656299701717e-02,1.028520802640112697e-01,-1.640838524335461457e-01,3.262210330502197247e-02,-1.081608280223436830e-01,3.169547514608632155e-01
2.588933120972458299e-02,2.861166246650576617e-01,-3.672597522101994638e-02,4.263336233066883363e-02,-3.314987616125639192e-01,2.607937801398999000e-01,-3.221593685867852885e-01,3.932440697648470485e-02,4.971986138206886674e-02,1.671841721964103036e-02
3.157810157463910444e-02,-4.756325477655433398e-02,1.754293117539308389e-01,2.190943036757488083e-01,1.098693751950325509e-01,-6.156229952660786237e-02,4.676704721374620732e-02,-1.797915703681683408e-01,-7.364387804051114594e-02,8.206408328146130166e-03
5.631823922204921146e-02,6.685666173874184326e-02,1.251151183527502708e-01,1.446657757701813873e-01,6.163827857364162499e-03,-3.828150909853664241e-02,7.299520264424494420e-02,6.900493240946621587e-02,6.884601878569196476e-02,1.646283173326772431e-01
-1.625753869877046565e-01,-2.480424320314177367e-01,1.509030547079031614e-01,5.492983378116809978e-02,1.359559889722717352e-01,4.892849103074112804e-01,-1.339573506249871516e-02,-6.099808241668669417e-02,-5.163278179311464600e-02,-5.180087440598437482e-02
1.114408184377377181e-01,-2.885749510009876784e-01,-5.883812720273808722e-02,-5.371493472804043934e-02,-6.937540261931300634e-02,-5.329285561964593881e-02,1.301909403227005657e-01,2.319416747119115996e-01,1.367315642666304676e-01,-2.375576136552237927e-01
1.847650145239797996e-03,6.712674821265340874e-02,-3.227415813918122628e-02,-1.650069893405869681e-01,1.440392165393251378e-01,7.501331887408061068e-03,3.810602135027735260e-01,-9.715534367885300671e-02,-8.578906901634571203e-02,5.534113098332280045e-02
-1.728058369492262436e-01,3.337083679206403336e-02,-7.356970250918588861e-02,6.404468705649642157e-02,-4.327594925917004898e-01,1.457486847375639438e-01,-6.417332549069133807e-02,2.251281186118565814e-01,2.018406483560678533e-01,-8.535376803953993730e-02
-4.110931554770393820e-02,1.901093882836648596e-01,-1.743978819053992532e-02,2.364841807979675692e-01,-7.382952640945630862e-02,-6.918773896938214263e-02,-1.958878333384255765e-01,9.798823923437542660e-02,8.325942965034821563e-02,1.241330545680843778e-01
-2.070298718401644977e-01,1.885067071177393416e-01,2.090339628690349866e-02,-2.460298762069008660e-01,2.219242590055586217e-01,-1.484528173753273117e-01,7.873296473549284968e-02,5.394058292432601237e-02,-1.553479762956858634e-01,-2.390803524019684823e-01
1.242863214652072390e-01,-2.712512988615018994e-01,-1.382010552921588697e-01,-2.410686997414821509e-01,2.445655164316572761e-01,-5.758366570710028720e-02,-4.142448759117153823e-01,-1.644962193427516525e-02,-1.383871483857630202e-01,-2.279303082860411472e-02
-2.495935542710195076e-01,2.988634352429719310e-01,-2.152694020864446278e-01,-7.192137109601098865e-02,-1.825757691902154811e-01,1.390964066102617080e-01,-1.568046434994826710e-01,1.642486738035852656e-01,1.562368945154234308e-02,4.751183642963546783e-02
1.564491882774300333e-02,9.207938531504597512e-02,-7.371099166689415449e-02,2.099094996660867962e-01,6.413442589896027612e-02,-5.072057378145325424e-02,9.734577826411951185e-02,-7.057071223894811896e-02,-4.856658091786941744e-01,-4.661322630972856151e-01
-9.373365396038636776e-02,-2.026301565981745156e-01,4.877721116663778084e-02,1.839427398492173293e-01,-1.212358735219411093e-01,-1.119697760138517600e-01,1.764506923666113170e-01,1.433283217618616526e-03,5.474701007405188835e-02,-2.194384467236228098e-01
-2.615081244122970938e-01,-1.594247061072637806e-01,-3.237083535665310485e-01,3.584092042348389073e-01,2.254872766932891626e-01,-9.023630961567424835e-02,7.605502978507465428e-02,1.318415374881312663e-01,-2.077198589711512153e-02,-3.055319466278233476e-01
1.077017349668481574e-02,-5.953395855703849660e-02,3.563419258026530034e-01,1.173660182014497622e-01,5.224912239320208710e-05,2.583247203076203258e-01,1.370816084149742708e-01,3.366106163779176152e-01,-5.429093860409852507e-02,3.002442325663479128e-01
