-2.576101181408585461e-01,2.793656134426331095e-01,-5.000097051372277140e-02,1.661142091529804188e-01,-1.382842615265862107e-01,-3.427945130692681142e-01,-2.961859693706499208e-02,-2.205831978247694003e-01,1.851220831096091202e-01,-1.902568502953908280e-01
-4.677318925206277317e-02,-6.614063156392473164e-02,9.067664445127288086e-02,1.741054701630128931e-01,4.590082291589527019e-02,5.353482827249927967e-02,2.153723028526267902e-01,-1.025074203256533395e-01,-9.655050716459251392e-02,1.115435707102391261e-01
1.831692501293276654e-01,-3.559170107523850213e-01,-7.651964034017139094e-02,3.446678837142590213e-02,-1.334202684077547829e-01,-2.212026783785285208e-02,5.975314628408382595e-02,1.689450389567656585e-01,1.757229609483449417e-01,2.307415979528647937e-02
-2.922760105265193586e-01,2.327750830081435837e-02,-1.627039634686031910e-01,2.254121151950815582e-01,2.063415893669296175e-01,-2.349750491927388441e-01,1.703031498921347281e-02,-4.708915064067929063e-02,8.644837964106585892e-02,6.954243879776078607e-02
-2.630270485017505711e-01,-2.942346676811355977e-01,-4.891436697983247289e-02,1.381558495969129052e-01,-2.935121606083379228e-02,1.099268736941855880e-03,-1.661946538867911660e-02,-3.283899259724200048e-01,-2.497301670692951003e-01,-2.300937155018162317e-01
7.489144244379743187e-02,-1.386337592777237560e-01,1.627180172456968721e-01,7.143665936281289042e-02,-5.410708573595922333e-02,4.331904483138138140e-02,-1.848721268281762753e-01,-2.247814647794256215e-01,1.612140019770666177e-01,1.288411399480221264e-01
-1.068845490663351966e-01,-1.231295449660300967e-01,-3.107502932871901713e-01,-2.679896251114738392e-01,-6.149886115029543424e-03,-2.356561557857851999e-02,-2.505975404340993196e-01,4.451903445453398583e-02,-7.674409420584944741e-02,-1.036647110742546646e-01
-2.713757252623584248e-01,-1.953622790485110838e-01,2.650472182896491946e-02,4.855531373408282503e-02,4.025869517695414811e-03,-6.659184703881219913e-02,2.615975651612008693e-02,-3.393747691105380992e-02,-2.797573397558519859e-01,-3.545867511717918918e-01
5.410217416352693098e-02,2.747707251792024241e-01,-4.232781459140441127e-01,-1.182192790234190133e-01,2.221965770290904307e-01,2.122271530659863570e-01,-2.432770562013153448e-01,-1.613379160015306069e-01,-2.068433463241090009e-01,2.636480257590772536e-01
-2.440910308609516299e-01,-1.274350790573784975e-01,-1.892112939028306740e-01,-2.265281302801963950e-02,6.280868210946417840e-02,3.049446877125423505e-01,2.571443584437220209e-01,3.080205496361715367e-01,4.202849389097401134e-01,-1.780242875324804797e-01
-1.697513919574844821e-01,2.335934758518972698e-01,1.673584970548169792e-01,1.258146475179033885e-01,-1.959754027711487212e-01,7.425614283484634204e-02,-2.827683166574549434e-01,-1.973062951689016631e-01,-1.632547090778038376e-02,3.554849074222052319e-01
-4.106286153071964096e-01,-8.458055272737216579e-02,2.368201239195582009e-01,1.447504184067077426e-01,6.891511985925768968e-02,5.685500247205998309e-03,2.874058760658641520e-01,1.273342130923963735e-02,-3.382787587477658064e-01,1.168362915841029276e-01
6.439377105949466162e-02,2.041383441836195634e-01,3.398137477204148937e-01,-3.732044515820751723e-02,1.456479915393145697e-01,1.299148744485301710e-01,-2.272255750211435721e-01,3.476950939013593866e-01,-3.817978565329609997e-01,1.096101202758361648e-01
1.228846769068124706e-01,2.697428265873834212e-03,-1.233602697069749315e-01,-1.693673250884395430e-03,1.341101916205094113e-01,1.634106827552120889e-01,2.024151285073642059e-01,7.775676306086438949e-02,1.211359513867001775e-01,1.334544577689758538e-01
1.494754997886476311e-01,1.770648040983675564e-01,-1.615319371971545570e-01,2.299531041285506616e-01,-4.885242408239041934e-02,1.967660428013407181e-01,1.696249957401064490e-01,7.364204622126697963e-02,-1.049711965624866711e-01,-2.595007999772360741e-01
3.619835305890801713e-01,2.698519175057085065e-03,3.779633766145095164e-01,2.775806325997691171e-01,2.269316480223903809e-01,2.666176037459965231e-01,4.338209649619385183e-02,4.225109166548014078e-02,1.159404811389492390e-01,6.128507190767213536e-02
1.127975421721390085e-02,1.562617430305232868e-01,-2.253923799242823767e-01,1.188314365389060538e-02,-8.010860967158878188e-02,-2.561244864800560905e-01,3.197156627502061726e-02,-1.044042810087100343e-01,-7.372008250752958014e-02,2.788236515408124561e-01
2.787506112268753333e-01,-6.928693523856531422e-02,2.321605053418630826e-02,1.399326393827808324e-01,1.085498309178090787e-02,-1.875400849859742980e-01,-1.240667698637236971e-01,2.079849204061068879e-01,1.503706445241922152e-01,4.766102967132899298e-02
2.790880060613109559e-01,-1.240974979163566166e-01,-7.036642629402287304e-03,7.311005677532353420e-02,7.572785915102368814e-02,1.481767653880014697e-02,-8.633797862641087728e-02,-8.763668113317688024e-02,-2.405091345922928392e-01,-1.594521165131390639e-02
-1.368562568354133591e-01,4.503653364791456171e-01,1.008665024261191784e-01,2.778418183654270956e-01,-1.214037731278903298e-01,2.441028185006823559e-01,-2.607974418653296600e-01,-3.058818569448483737e-01,1.892410541404154212e-01,-3.007078432223321274e-01
-3.051973770143069989e-02,-5.568050444559748818e-02,-2.088159999844109438e-01,-2.282300775284901162e-01,9.351273967618470295e-02,-1.770588561945121708e-01,-3.763707574751791740e-01,-2.490401832162319473e-01,-1.682620025340800241e-01,-6.948717361817872973e-02
-1.351877494597634455e-01,9.416703018390056024e-02,-1.277446078297931609e-01,6.841763100019412729e-03,-4.945461766956996824e-02,1.644591384163863468e-01,-6.728392727656073991e-02,3.573548227660918730e-01,-2.274675672150004158e-01,1.477370477695449380e-01
5.406786519808197584e-03,-6.682046608146899325e-02,-1.907126793426013323e-01,-7.997068538279836214e-02,2.676931430580172244e-01,-3.643228675351966039e-01,4.270244100795521358e-02,-6.387224290849848052e-02,2.165863720784651780e-01,2.017508904667227390e-02
9.723997727525836299e-02,3.622649239184816405e-02,-9.178414684277859392e-02,-8.291805834995585878e-02,1.974513157830320997e-02,-1.288312180060254275e-01,-2.112238508936227499e-01,3.273060278040655913e-01,-2.930189838053751661e-01,-4.526985078999748446e-02
-1.086942429941954447e-01,5.857411682655173923e-02,1.166662322317941203e-01,-8.728142487278564218e-03,2.101360926753730596e-01,2.900619117209007891e-01,3.457463552971407617e-01,-1.562554435097369132e-01,-1.325614583850324435e-01,7.908823873332046506e-02
-1.144260322392317564e-01,7.007675562370038747e-02,-4.242149575290648511e-01,2.273239583217434301e-01,-2.026969358903721596e-01,2.378329214435691980e-02,9.127973358990232322e-02,-2.394748612334274829e-01,-3.507065079040488920e-01,-5.347847117394016053e-02
3.128979994934552589e-01,-4.392175521826281459e-01,-1.680462833724588601e-01,-1.539534238588429749e-01,-7.088616055460170151e-03,-9.262067731582064589e-02,1.400953038156378498e-02,3.010966106619907823e-01,9.920484758919012602e-02,-1.536346824809297074e-01
-2.477150482116130537e-01,-3.267473558069263206e-01,2.147164390027405667e-01,-7.390119365293444653e-02,7.098817441308745424e-02,1.004816162904510063e-01,-3.463599978747242125e-02,-7.708760630592924323e-02,2.945851675519944868e-01,1.092194899321606433e-01
1.948264552956806839e-01,-7.038060128750148192e-02,-4.454844041269584443e-02,-1.036495841819203567e-01,-2.117298865966475152e-01,3.621798100372112805e-01,-2.854246768514245303e-01,-3.792377421671756510e-01,-1.843395629255164814e-01,2.609931526229722701e-02
1.396213035310107931e-02,3.435807770125660632e-01,3.199379863757676468e-01,3.322530025410364574e-01,7.561839953438094508e-02,4.154206908207080384e-01,2.561436733605046076e-02,6.510124476871528842e-02,1.691340233214864153e-01,3.706523897853068461e-01
-3.017416115980745689e-02,-6.370318129675883734e-02,-6.555050854683699968e-02,-2.265455177168958778e-01,-3.968514042374347850e-02,3.343633388996573585e-01,-1.094943505165759529e-01,3.484422408322501163e-01,-3.655194163517889727e-01,-5.474628969773635140e-02
1.899832954755699688e-01,-3.666038390004282277e-02,1.434525352518135621e-01,-6.311732870813470397e-02,1.228819434462332244e-01,2.231944546947996037e-03,3.151573828414739459e-02,1.095183634741460355e-01,-3.988664120619577202e-01,-3.869323599673292757e-01
-8.331757943507553388e-02,-3.155528034127456638e-01,-1.871869379520992582e-01,-2.822983990094090623e-01,-2.214497286614896532e-01,-9.918078271622131348e-02,-3.138966559282724833e-01,-2.703200217371624081e-01,-1.350622789990625454e-02,-3.823171105605336489e-02
4.893151237776668938e-02,1.062947127306529266e-01,4.265161834070679836e-02,-2.746022768789125879e-01,-7.993329659413617172e-02,2.397464780125206363e-01,-7.380927318870612874e-02,-1.547987476346699143e-01,-9.050005336709858461e-02,-2.109696572665845093e-01
1.540617859236156906e-01,-2.820245806690749313e-01,-4.722758463308288079e-02,9.304553762949323292e-02,4.509913418333171276e-01,-2.445641158872395235e-02,7.401750836471924187e-03,1.132432611577874754e-01,1.527346247305385596e-01,9.885243088068972409e-03
-1.304673899855797736e-01,9.857452188721338437e-02,-1.781008919225670339e-01,5.400704608130396829e-03,2.876872731955363860e-01,3.487410130526821250e-01,1.400166287360133932e-01,-3.246525064621673118e-01,-2.264648130223495537e-02,-3.402433932663187499e-02
-8.059239781297870830e-02,-3.735930721116225706e-01,-8.005093074516647644e-02,-2.340032886148222246e-01,-7.307372642703424681e-02,-2.903931729880706025e-01,-2.709975460771111844e-01,4.989720931525383485e-02,-1.703934051929856530e-01,-2.662509273968294843e-01
-2.401699403093814356e-01,-2.110155734864130606e-01,1.028876058073196764e-01,4.854851527747848783e-01,2.092723236496794870e-01,-1.997539847644232147e-01,1.130244322846631067e-01,-6.548776617206035489e-02,-5.098983411239634000e-02,7.683579897566957667e-03
1.436189383598199254e-01,-2.594488763506471729e-01,1.506791688272106355e-01,1.920742001328074322e-01,-3.210258334492749888e-01,1.054162107148651356e-01,1.109473397326497385e-01,1.498300373869575208e-01,-1.978310266429622599e-01,1.417639757471272910e-01
-1.803099430559008121e-01,8.348602211009277518e-02,-7.933713997980583466e-02,-4.030723737368858695e-01,-1.536946860530285230e-01,8.024563427847988817e-02,9.625405880679280268e-02,-1.313496835581135502e-01,-1.207600394935889887e-01,4.509358619288266756e-01
1.744559473690910495e-02,2.607479888454281580e-01,-8.790268908825017713e-02,2.652317378819224469e-01,-2.238514206848123411e-01,-1.587508769366430955e-02,5.604883717414343297e-02,-1.074870425987259868e-02,-4.930045933394196223e-02,-2.515712369664985237e-01
1.438150912987941621e-01,-2.503948584119853327e-01,2.363387836030899081e-01,-1.147256606122815381e-01,2.123032537900069738e-01,-1.043355911817786114e-01,-1.152722873440531204e-01,1.993878709170828212e-01,2.075055760904268021e-01,-9.293573574462880849e-02
-1.671650028094611995e-01,2.591038653461963936e-01,-5.375664591455599217e-02,3.217971189174828051e-01,-3.612787891004595742e-01,-1.882586362739786801e-01,6.184009406855150298e-02,-1.911230323038158874e-01,1.932694459493551065e-01,-5.735053103414849973e-02
-1.592586202882568525e-01,-2.873286093396238416e-01,-2.098807051791863054e-01,-6.489081605693258759e-02,8.480421841825501461e-02,1.968767011906550832e-02,-2.212029453367196086e-01,-9.376467771469107482e-02,-1.932846716781227436e-01,-1.514525318200881099e-01
-1.193744858497271938e-01,2.727376088802587750e-01,-2.608892656629477336e-01,1.993271897828464423e-01,2.292412442404467843e-01,-2.938058148793807334e-01,9.329253459528959180e-02,3.210694344999222988e-02,1.964389948302279754e-01,1.584338654582383155e-01
-7.642464666807916029e-02,2.843639077806926069e-03,6.067543348285784482e-02,-1.001242926379386500e-01,3.093594517123784415e-01,-1.747269103810931146e-01,-1.319664014014659825e-02,-6.575093441095035407e-02,2.036992266658232409e-01,-3.380184818903436139e-01
-3.002243193971626534e-01,2.050711703884381398e-01,1.942683796366542481e-01,-9.639057064710929157e-02,-3.348577251650349806e-01,1.210931396516309877e-01,2.023581431032660596e-02,2.877546478868623359e-01,-1.728970833209979019e-01,9.109221034745314249e-02
-4.297580029556510861e-02,-1.318573177570009358e-01,-8.586944563352327808e-02,-2.876060853299019712e-02,3.761099037586524974e-01,1.677280785313714495e-01,1.710306152446089412e-01,-7.876861092624008742e-02,-1.031294588744270935e-01,3.336898005664741262e-01
-2.609317329707014355e-01,2.536288005289015213e-01,2.194454868983851392e-01,1.440808172217952765e-01,-2.466422027344679357e-01,-2.836237685582354562e-01,-1.081219947690269939e-01,4.341218909877762877e-02,7.852821457097503011e-02,3.108346200046631647e-01
6.459277743708234654e-02,2.228559080595637898e-02,3.538686265770140116e-01,-1.736424402446357373e-01,3.120065892386881257e-01,5.508342926698001074e-02,-8.000429830640203022e-02,-6.646441021978617691e-02,-1.719227736488678493e-01,-9.594038254542820721e-02
1.321351726017235551e-01,1.039059293099454384e-01,2.097517414442150729e-01,3.311204870259049082e-02,3.313041625277352575e-01,-1.465540571992029195e-01,-1.514891400482235029e-02,-8.357120880052697209e-02,3.066800282047195680e-01,2.188509864464189825e-01
-1.639842028104027127e-01,3.573853372245049953e-01,2.667948996097851966e-01,7.605197407046646041e-02,1.074622089321490004e-01,-3.587364385968790786e-03,4.460442519592729416e-01,-5.161520685590286206e-01,3.784366224201156093e-01,-2.810300599790908072e-01
3.422690912375659505e-02,9.946418904498154079e-02,3.897189763497899695e-01,-2.013460749165638108e-01,2.911096240639744481e-01,-1.476592110957945791e-01,-3.196461376086981269e-03,5.826429220632368434e-03,1.301654349746981035e-02,-3.549679071207045289e-01
4.494261863280303582e-02,-4.944335867754465208e-02,5.280046703320547680e-02,5.880038023661487978e-01,6.458104121588194302e-02,3.222315518700247794e-01,-9.638026636621950527e-02,-2.633628709492741859e-01,-3.596713240470829076e-01,2.376597236832908022e-01
-7.887273059901038497e-02,8.375150959622404412e-02,4.147716385617760682e-01,9.509715360928198968e-03,-1.748119474903024606e-01,-1.326078848598973847e-01,-4.773896017416132814e-02,-2.128815953970863983e-01,-3.279831227893091339e-01,3.710902946813101622e-01
6.484457262492601681e-02,1.614796084783210461e-01,-3.340884810665910032e-01,-2.201704384445797025e-01,1.396936960449218779e-01,-1.415383897922938283e-01,3.371332757988538820e-01,-1.599098685627222405e-01,9.875001686693529734e-02,2.460269772004953365e-02
1.900478252243363239e-02,2.981881179078504363e-01,2.127082912436309148e-01,1.887550167292971204e-01,1.839238718193541844e-01,3.688083900239632063e-01,2.981632798036565335e-01,3.986531764061902738e-02,-8.633557046098892102e-03,2.132973687387391681e-01
2.304440519827765099e-01,-2.201180286024077282e-01,-5.092640749651198423e-02,-1.334271621438375688e-01,6.216226711614034062e-02,2.553066974326361760e-01,-5.763292178943916350e-02,-5.926744803247957147e-03,-3.300459269467160839e-01,1.375173388455165624e-01
-1.009885098435251427e-01,2.089630764300745569e-01,-2.740694151086979780e-01,-2.971507090570910670e-01,-4.954497244717132043e-02,-1.097947447588199787e-01,1.363571894348249158e-01,-2.541583556087931850e-01,2.446311545571665594e-02,-4.454397114587743678e-02
-2.511105609185635412e-01,2.109950441121731524e-02,6.077847744595007984e-03,-2.982133939006526013e-01,4.075459131025187254e-02,-4.045319674148717404e-02,1.566663461138813884e-01,-1.521650114902543260e-01,-2.016048801722467032e-01,-1.860885160118912474e-01
1.632603098662571417e-01,2.116894440963786317e-01,6.241158068669002031e-03,-9.323606888596167042e-02,2.873208409881013448e-01,-1.111984665381500759e-01,2.159822993027691596e-01,-1.078271629493711414e-01,-7.936381684307607098e-02,2.333403118960861444e-01
-4.042858192897629162e-03,-2.803418493508951781e-01,4.123775310657274984e-01,2.308985377116552773e-01,-2.261848321797686190e-01,-1.617390276473915922e-01,-5.948998200571766273e-03,-1.139647855917192559e-01,1.157566890583840158e-01,3.409486090867702712e-01
-1.245550559337286201e-01,2.782112309354889956e-01,2.154596564273741355e-01,6.432284771455033801e-02,-2.937376859498474491e-01,-1.064958391386116449e-01,2.253341173030607436e-01,1.949828697679470424e-01,-2.851059250766342923e-01,-1.111351101471774044e-01
2.896724794191116170e-01,-7.622358664376464865e-02,2.426871389370204579e-01,1.069601986567163404e-01,-1.892631852588717023e-01,-9.094248559776701990e-02,3.362384058121214436e-01,2.752194020729842316e-01,1.409201667208283271e-01,4.406653198810304289e-02
-3.373780493097001121e-01,-1.825834667692679408e-02,-7.602551276498735466e-02,-1.990778383431960896e-01,-1.438429494626159710e-01,3.251304000429964813e-01,7.245177565124287511e-02,1.986203720196408895e-01,-2.261726143848389325e-01,4.918697658352548518e-02
3.044471104477600165e-03,-5.006190562977198485e-03,-3.906991545096130669e-01,1.203079486923305103e-01,-1.013286431467707721e-01,1.939077558023649672e-02,3.988663678390322320e-01,-4.838100900062857201e-01,1.688758893046443943e-01,-5.722973974813286985e-02
-2.981634769575602362e-01,3.128582510742386469e-01,9.335664849951605393e-02,-3.515419512634118671e-01,4.677790230282668181e-03,1.123369721853315906e-01,1.011936451416362986e-01,-1.825507827752589907e-01,4.160507623996513582e-02,-1.600183753378321139e-01
2.621001702522922083e-01,-1.287271548989294967e-01,-2.177110168144535951e-01,1.480750749984561243e-01,-4.174081340259965661e-02,1.932674855796867597e-01,2.881116458400659885e-01,1.965800931019066611e-01,-2.981229092643528089e-02,-1.406737954764659959e-01
9.039657604740235219e-02,-2.813469977424314789e-02,-7.564023355143431604e-02,-1.548300860590001993e-01,1.298972679497862603e-01,-9.692544676975609064e-02,2.507978390271621838e-01,3.252142318226144413e-01,4.605739985680201154e-01,-1.867216553926664135e-01
2.582023717620698933e-01,-2.786971040650730869e-01,3.448352717919209165e-01,-1.723885560152468022e-01,-2.192427751764966237e-01,1.072938740496470200e-01,1.953840739665314852e-01,3.795922016667158810e-02,3.232050606331174358e-01,-2.391006811927381404e-01
1.140114341055902952e-01,-1.618925805438377330e-01,4.715704737341116365e-02,-2.125503853317791680e-01,1.136008632659492451e-01,-7.627181619770566356e-02,-2.472469278225527811e-01,1.765961991245924012e-01,-8.811527430089390045e-02,2.267474462284801984e-01
-1.064048839655017953e-01,2.394020978960296198e-01,9.938431821463198854e-03,2.196658275850577879e-01,2.128456502399684314e-01,1.767710682730316007e-01,1.069731921010280695e-01,1.448132178830678907e-01,3.295241535480337158e-01,4.253320401003739537e-01
5.764450823783836414e-02,2.095376681250027961e-01,-1.274406093754396757e-02,5.062516633810266314e-02,-6.393407234129871997e-02,1.024083403502892425e-01,-1.301922437090336782e-01,3.437887446951879561e-02,-6.376348211537844098e-03,2.572884928724613607e-01
4.349030137771120463e-02,5.227641567993823735e-02,6.916923050957278496e-02,-1.475052357935204006e-01,1.696413327620538980e-01,1.942161541141209924e-01,-1.980021876718648377e-01,1.113717542179679248e-01,-7.475244719646394198e-02,2.243777505517089432e-01
2.977063688069658820e-02,-1.996607872053026145e-01,8.648814810492150285e-02,-4.993491155660514068e-03,1.409779798877310586e-01,3.696640635688927068e-05,5.392539210961057317e-02,-9.352168975123174854e-02,-3.744360858837479933e-01,1.905245025201749709e-01
2.771334197273556676e-01,-5.902627624021115904e-02,4.005609500363585540e-01,-2.805973656057836677e-02,3.114473799233968276e-01,-2.499268628619319699e-01,-1.836919341489102742e-01,-9.430494930460812941e-02,4.593432052825809769e-02,6.585476864810842212e-02
-3.830817775864764907e-01,-2.067037003922844174e-01,-2.939591436304447858e-01,-2.065844770369772709e-01,-2.102548860688479015e-01,-3.004187920575349113e-01,-2.144750604848896514e-01,-7.350868985940063605e-02,-3.094445803883361656e-01,-1.433120554323609117e-02
2.358172628778641422e-01,-1.966716421904890211e-01,1.154343397710622110e-01,-3.111134245124363429e-01,-1.002981971445216641e-01,2.806418888146414714e-01,1.695437479772903822e-01,-3.705959331149281111e-01,2.592810135651233971e-01,-6.140421421726841716e-02
-2.118903817406017631e-02,4.304203976433567530e-02,-2.782131966656389288e-01,7.175717749493074884e-04,-2.745281198654212496e-01,-3.748713942628069222e-03,-1.094011923733682889e-01,-1.368440789185093320e-01,-1.230947194111470938e-01,-1.496724051071599559e-01
8.083551548568936040e-02,3.618372557560077529e-02,1.444175553041255888e-01,1.308714887351355438e-01,-2.361772745368233284e-02,-4.159904315780780237e-01,-5.737034986828558336e-02,1.223587696785261580e-01,5.033107723121301585e-02,5.849841730915906340e-02
-2.102851135883338218e-01,-1.647824046848465618e-01,-2.480243562666380464e-01,-2.974665172709690664e-01,-1.577680870161530247e-01,-7.059340657854054624e-02,1.846513286605577092e-02,1.851932059199038610e-02,-4.022865786204963823e-01,-1.130158776085483929e-01
-1.719590551738589823e-01,1.657117977367993933e-01,2.389998489228561396e-01,3.411636605641958364e-01,-7.133621228150661964e-02,-2.395741536996991994e-01,-2.575240848633440494e-01,-1.708238680801616449e-01,1.635858086512566312e-01,1.013899890586424102e-01
2.317546172861502385e-01,-9.451639804526415500e-02,8.510292402047686666e-02,-3.764105399039992944e-02,2.449801933775934137e-01,1.011776863822163308e-01,-1.155981312197796040e-01,2.426505723517923766e-03,-1.497997125310502886e-01,1.148053695980650810e-02
-2.260310337104319278e-01,5.786803032846552647e-02,1.044856704863194874e-01,8.069993381064567706e-02,-3.398335839866171992e-02,2.525547520395505022e-02,-2.502851557164936791e-01,-2.201671752427185325e-01,-7.139384990207182924e-02,1.214911224530034195e-01
5.953459004572783653e-02,7.917198871416601669e-02,-1.500330359989898998e-01,1.790869238633311933e-01,-4.868694686403009751e-03,2.265199943602433375e-02,-2.777703015829936506e-01,5.954513094955213304e-02,7.100774655936284430e-02,1.084736785460692493e-01
6.032472007553001808e-02,-2.227472832657072799e-01,1.218148211627252259e-01,3.302002500482503211e-01,-3.259449624227016007e-01,-8.811549753873459956e-02,5.229555249140591111e-02,-2.635404874676985920e-01,-1.474249371208827819e-01,2.747246685971416746e-01
1.637233972477792066e-01,-4.615806395695797731e-02,3.278688268511109616e-02,1.066255104441823226e-01,-1.138493306085305856e-01,-4.033198528701992941e-02,1.562487609338988892e-01,8.225389266172389302e-02,5.419344377993960959e-01,-3.993601810969029525e-02
-1.760933663559964037e-03,-1.047301116046967656e-01,1.584505487451444983e-01,-2.347033212807048408e-01,1.470942766825720019e-02,-1.847309634542290691e-01,-1.629543105592531349e-01,-1.349497823663339813e-01,-2.935705980832577500e-01,-8.929945921405216258e-02
1.160088957427420492e-01,-1.515216249054736897e-01,-1.078328996399998546e-01,-8.655295496416211265e-02,1.688618114311966345e-01,-1.619643035916452367e-01,1.791433148498080830e-01,-2.262113617553904721e-01,4.550119574170662373e-01,2.265454681731415287e-01
-9.796281807961200114e-03,6.016038371625812009e-02,-9.405092374438407676e-02,-1.042137545965891345e-02,-1.518754562680477427e-01,-6.355547184712072306e-02,4.549278962025010142e-01,1.569386301912763793e-01,2.800852887139250735e-01,1.900517493667794044e-01
-1.326059756212698282e-01,-8.850720552289713383e-02,-3.180501294181073968e-01,-1.431603691751931473e-01,8.741241647692353511e-02,-3.992334380228184515e-02,-9.432063076794146295e-02,-1.054110690441633497e-01,-2.351222548526729350e-01,-1.263543818904311611e-01
-1.908130603790670066e-01,3.901438329233127000e-02,2.330808896163699406e-01,-3.085429632208562811e-01,-1.317587644331926489e-01,-1.238858567729474308e-01,-1.885746946712764105e-01,-6.543227691921997546e-02,-2.128486819466873792e-02,2.383767301795475940e-02
1.438621447743869963e-01,1.517150291993798472e-01,-6.963238207043992434e-02,3.006945022006244361e-01,9.396673458110743615e-02,3.439175931413814835e-01,-8.638601095889178461e-02,2.491331618172982210e-01,4.564969972333822457e-02,-3.931780727492133545e-03
-1.645852939749886112e-01,-2.699027289318753353e-01,3.665616715287425831e-02,-1.270970845140524663e-01,-2.756503405557972353e-01,2.766037204968724988e-02,-2.524370023805561636e-01,1.466994056972995841e-01,1.651019396336082801e-01,-5.535663354380804257e-02
-2.855014559667516313e-02,1.347769974465506393e-01,-1.830629569651835153e-01,1.463786603846895656e-02,-2.808425476724926151e-01,-1.334621502022245998e-01,1.713766659016454502e-02,-2.109162141350120478e-01,-1.605002774565106594e-01,-2.042589572061178915e-01
4.673236859903591722e-01,1.804707802655838855e-01,-2.187144176875750468e-01,1.774555263153480833e-02,3.337843941200327458e-02,-2.564509908610958511e-01,-3.835025351465844445e-01,-5.736436959001070535e-02,1.641805049752577683e-01,2.753083455505793697e-01
-2.748793049659632448e-01,7.975476815224145921e-02,1.520946570572107026e-01,-1.624466587516028016e-01,-3.756835213849064048e-01,3.494716958026874432e-01,-4.159388453782397188e-01,-8.718684797618220239e-02,1.358987660784756191e-01,2.891070401952016145e-01
1.136487056549464886e-01,1.080681751540262803e-01,2.220388975582865132e-01,2.002234651272804533e-01,2.127870942844488078e-01,1.317749418396298999e-01,-2.449649204828162063e-01,-2.157664508144864768e-01,-7.461355400889760348e-02,-2.489930156267130268e-01
3.282123987448580527e-02,3.733656014492228725e-01,-1.263479828872558497e-01,-1.976450046284081996e-01,1.601652965611317578e-02,-1.849799932895039856e-01,1.883502114067322486e-01,5.688009788818038093e-02,-2.050015105905864388e-01,-2.773272246622073833e-01
4.248887133774939540e-02,2.528948677633851422e-02,2.671905210446753887e-01,1.520238922101945223e-01,-3.682182885830853070e-01,5.886858321586930717e-03,-2.295699625956499623e-01,-1.629599727594879810e-02,-1.185728068622660530e-01,2.403925681998319019e-01
-3.225552944466376221e-02,1.338663465101149787e-02,-3.028158536973395848e-02,-2.016741659693644939e-01,7.402497460680390606e-02,1.356095279356750727e-01,2.217852828181554325e-01,2.482031743595049787e-04,7.686469255723162031e-02,3.028972292047563131e-01
2.712395585777352958e-01,1.839799259298372236e-01,-1.814993394909744651e-02,9.237878737449410627e-02,1.878659372170521646e-01,1.616190444373209398e-02,2.218342384932802114e-01,8.391856970126174153e-02,-3.005931998728455720e-02,2.505064188251083235e-01
1.649937511101348397e-01,9.925861631009449959e-02,6.307683200310479354e-02,2.279718482540142033e-01,-3.564331752345689663e-02,1.275049651764941783e-01,3.274621652072763900e-01,-1.878374824333979565e-01,-1.806587741811493952e-01,-1.401847422947066213e-01
-1.844560755102719329e-01,2.831806790080103678e-02,-1.691225719547044537e-01,2.196761389881843607e-01,3.506819978121743231e-02,-3.453816199698227923e-02,9.706937183828767690e-02,-3.765487708432198599e-01,6.828113612150689404e-02,3.015049831071887620e-01
-1.832942156550488311e-01,1.075435120151743557e-01,2.866550736137387159e-02,-1.898075433747345997e-01,-6.203215769334924357e-02,-7.716214921782998948e-02,-1.931724397457376952e-01,-3.049778456130546878e-01,-3.121477419335380588e-01,-4.269901025741299483e-01
1.791760903093600754e-01,3.124999445372094731e-01,-5.096340583326040147e-02,-1.761153152137009958e-01,-5.489603848682792636e-02,-1.646299221575089344e-01,-1.358318573365147885e-01,-6.548430501843076346e-02,-1.425574253177165109e-02,1.266922690161298160e-01
-6.499083317365052237e-02,2.117729367002264829e-01,-1.189419238629371434e-01,4.122665222143987590e-02,2.170892887858398013e-01,2.613799615543189320e-02,-1.922374114949106649e-01,2.622211508972363894e-02,-1.920607742672851281e-01,2.966462990131402688e-01
4.507268349968303334e-02,1.860371369723283208e-01,2.241610103964050971e-01,-1.528384765933077372e-01,1.454792978737687592e-01,-9.697592891215062183e-02,1.945345007963908690e-01,-1.404169121003347731e-01,-2.035810298200394219e-01,-2.402363853637645430e-01
3.627642652651077992e-01,2.042480421161000370e-01,3.565070606588069402e-01,2.312036135456157215e-01,2.110110514591328201e-01,2.698445214187846775e-01,1.979268739744253214e-01,2.885684159672410876e-01,-4.980656093148769920e-02,-6.249715856623423021e-02
1.251806150036324228e-01,-2.057080176258250237e-01,1.142722421714700148e-01,1.785616379902077722e-01,-8.398590671616981695e-04,2.152462413899088600e-01,-2.503554914731599412e-01,2.169313323033364438e-01,-1.337024669054195369e-01,-2.219736939006937693e-01
-1.248965736439345414e-01,-1.024305551404888492e-01,3.126603563139527808e-01,-3.584734601512686303e-01,1.147814808550695967e-02,-2.188693576359566073e-01,6.384355537815163129e-02,-7.950126787393130279e-02,-1.894234269153531880e-01,8.680084722132803965e-02
6.711900612871339426e-03,-1.608949226407566102e-01,-2.672939571881026710e-01,3.007214556486962898e-01,8.880637394452854660e-02,5.193306055156562961e-02,-1.696669184060827229e-01,-2.641921655979054262e-01,-6.622195434040498152e-02,7.947764823803727882e-03
9.862064195489152196e-02,-3.159922001174232942e-01,3.350682960538334254e-01,-2.600259114739437716e-01,4.190458755355863651e-01,1.737046052201625945e-01,2.119062951446045728e-01,-1.328640722213349779e-01,-1.846843575867944398e-01,-4.878995217763897052e-02
-2.387030083669763325e-01,-8.843004558819091143e-02,5.035556610938331928e-02,9.026332853595227246e-02,-2.378754203192485484e-01,-4.661634235873133858e-01,-3.278176854269723717e-01,1.627647824147335220e-01,2.455453073788902707e-01,3.888860730795684617e-01
-1.967369950913240850e-01,-6.673894434169276579e-02,2.265069714293462266e-01,-2.992404312053124071e-01,2.777963283169638808e-01,-2.573026778245439128e-01,6.840425814353552625e-02,-2.752343034450791537e-01,1.867713775561185563e-01,1.845071222773612962e-01
-2.313280950980528272e-01,-5.648767459302784788e-01,8.970784067254369484e-03,2.486017481110188720e-01,1.869054663965492025e-01,-1.257392040062563776e-01,1.649274158218290709e-01,6.609247321071255732e-02,-2.420088691043641160e-02,-2.648285865657367677e-01
6.309650931163288123e-02,4.352974865189088716e-01,-1.099227626685379267e-01,1.899917830332414070e-01,-2.350097912858110649e-01,1.129620615957575673e-02,5.484412240680235084e-02,-1.924188914593135680e-01,2.620957942715535505e-01,-7.115617656386601098e-02
9.996323418221594870e-02,-2.885054754057674309e-01,-5.345227143888282850e-02,2.521473695379360946e-01,-2.103381040432700244e-02,2.194411692994110707e-01,1.387361109041050644e-02,3.015512930243511303e-01,1.792467100424542659e-01,5.928437760512722532e-02
-1.036568440858947615e-01,-8.704450134075947254e-03,-1.437957391981886657e-01,8.791189577295024926e-02,-1.817404048474916822e-01,-2.688251755278520116e-01,2.135912130520473406e-01,2.724321104073243807e-02,-8.457450926398731028e-02,1.107365321094501420e-01
3.061311462413615070e-01,-2.877722785118802529e-01,5.634324780588943760e-02,2.523890848539887127e-02,1.821809052059018830e-01,1.195997615984567414e-01,2.347640391970107210e-01,-3.599703849309437986e-02,1.171495080377828735e-01,-3.694160888788378116e-01
6.594599390227913471e-02,3.643126922799145295e-01,-1.299455740361478706e-01,-9.140056901933067690e-02,1.633473301694594870e-01,4.420026359754898604e-02,-2.666129512920599187e-01,-5.843382188901417168e-02,7.469853505741019806e-02,1.674873255365279257e-01
2.157645147314682030e-02,-1.498994135939288042e-01,-2.835464672155884602e-01,5.446920910764758289e-02,-5.823763158683812474e-02,-1.976143847718819790e-01,-1.114904183999635978e-01,1.649490671730303726e-01,4.316608113013005732e-01,-4.152872728656817336e-03
1.772180797950000941e-01,1.331104277802050984e-01,-7.076814685266340221e-02,9.924768812286369202e-02,-8.156512455733500033e-02,2.739754899528526466e-01,5.913341224884959696e-02,-7.487560795608637354e-02,-4.797251607524206062e-03,-2.763636718453599608e-02
-1.771924366211029556e-01,-1.797305738325043756e-01,3.836378308619804028e-02,-2.419996511240811721e-01,-2.102227009681064129e-01,-2.159848838069006738e-01,-1.629116829277088008e-01,-2.930623942209829025e-01,-3.767720875907207972e-02,-1.394730650520982149e-02
3.076125719462930244e-02,-2.941093507623021575e-01,5.133607351228828240e-03,-1.751120691149492259e-01,-1.692507050673078273e-02,-1.419063563502682146e-01,2.122321552004451800e-02,3.724402823000388940e-02,-5.888912024807623630e-02,-2.494775706954548700e-01
-1.010284409558451224e-01,1.552638668415899648e-01,1.003989308763472144e-01,3.525128959987622324e-02,2.640778072212031091e-01,-1.255510059103239484e-01,-3.062478717745182807e-02,4.657377621628058795e-02,1.673447652047570580e-02,-7.189131012646692021e-02
1.747259301282781119e-01,-2.120300591452529970e-01,4.881618375571570440e-02,-2.992593434735422719e-01,1.721704583650106035e-01,2.314962252521651082e-02,4.712477393626638561e-02,-1.688020184752122843e-01,-2.568834533433399514e-01,1.342229326915328202e-01
-1.859015853651607986e-01,-1.856495568170823257e-02,-3.408389458099387870e-01,-1.433899327501599874e-01,1.903962466913652618e-01,1.105439361440062676e-02,-2.293150717033874686e-01,1.257252253379801676e-01,9.293261729767086921e-02,-4.209369645458864440e-02
-1.113819253825688721e-01,-1.871889756659990689e-01,1.313282868327460273e-01,1.866050902583521187e-01,-1.713988735934276753e-01,1.953777397305431207e-01,-2.293078626848221446e-01,1.650224950951494074e-01,-1.215411545450288539e-01,-2.441769719545241191e-01
-1.336961454429321239e-01,-8.114986898172046881e-02,-1.218282153356487346e-01,-2.197434295581673358e-01,3.544701794519316551e-01,2.202532949762096015e-01,-8.458528941693646552e-02,6.440489350537616231e-02,1.753649350243483562e-01,1.977576886695779634e-02
5.618539120929935855e-03,1.105736268866205352e-01,9.220374779963813605e-02,-6.569956470599316867e-02,-1.147722886498359907e-01,4.109018835673854397e-01,1.111486946479226801e-01,8.418096970214922203e-02,-3.123553018295429085e-01,-7.832296123844416369e-02
-7.001141096303568900e-02,1.850913903565908764e-02,-8.141033976783859649e-02,-2.630455595720844197e-01,-2.119817100631685158e-01,-7.045446670510931153e-02,2.569961948840634447e-01,5.434860741576794108e-02,3.338398306529891113e-01,1.232357066191417938e-01
7.222287088681976497e-02,-1.781090105680087632e-01,-1.474547192732023060e-01,1.076357160191394463e-01,3.001700860258531556e-01,-1.537188863500365578e-02,1.497511539652962020e-01,-2.641032634653862621e-01,-1.600225796545065859e-01,-1.314576891083123478e-01
2.248858593287681729e-01,-2.389017261941647763e-01,-2.167684212690242640e-01,-6.277027844941655832e-02,-1.188110715291875591e-01,2.979701421464673317e-01,-5.254351844304948616e-01,-6.361127925376310055e-02,5.642848956207086389e-03,6.392651177561257426e-03
1.646291477498626477e-02,-1.076811236382648196e-01,-2.894974963385459898e-01,2.441269353618676363e-01,-6.259739806479154567e-02,3.365881006856740187e-01,-1.668925320922161892e-01,2.124923410299354165e-01,2.258275208614286267e-01,1.113848288986474949e-01
-2.158291139798050942e-02,-4.655277508640306428e-01,-9.749198134576908537e-02,-7.905746159564952524e-02,-7.637496279872410532e-02,-2.878465281521181418e-01,-2.409175541393767384e-01,9.244166559197204702e-02,-1.580621913021350022e-01,-1.083182618681247621e-02
8.073226000336344854e-03,-2.774708705141474274e-01,2.665252629151076968e-01,4.417735291184505392e-02,-2.599166185067841028e-01,-8.475195278183006442e-02,1.850218943781795078e-01,1.554795342723445592e-02,-1.499175534939801713e-01,6.675871537435391911e-02
1.167882999768526803e-01,-2.448777759403874266e-01,-5.620899431514309041e-02,3.270599616185729946e-02,-6.323855081587517746e-02,-1.874128411868277999e-01,-1.377273288609488222e-01,-1.371993194326447396e-01,-2.835265215274569983e-01,-1.657110590877052675e-02
7.680739896602725714e-02,-3.644526239789467326e-01,3.485808083385903977e-01,-2.836111545469931911e-02,-2.705334733299482597e-01,2.390362824402308406e-01,-9.740279317679552407e-02,-2.053880691770219868e-01,-8.123436743225920242e-02,-2.042283031415124128e-01
-3.212965615545423231e-02,1.143707665210261654e-01,-3.331774784403737644e-01,2.815636557726134415e-01,-2.111688759986452557e-01,8.185330626298693846e-02,-4.352796036093206644e-02,-2.932043225114417950e-01,1.347372821662922437e-01,2.458707639285325972e-02
-2.983154595400312470e-01,1.062589846685510764e-01,-2.534378079904540115e-01,2.904592283079237003e-01,2.693300630397227335e-01,-1.262369341083821317e-01,-2.571470396034882255e-01,-1.860874089555948907e-01,6.122415392809271717e-02,2.218897629947289840e-01
1.562733981479396961e-01,-6.193824886829846915e-02,2.352059053927230414e-01,-1.200784270219761307e-01,-4.236880317906108889e-02,-2.503345625430214438e-01,-2.570023248493089052e-01,-3.546514468744678128e-01,1.233296921146328357e-01,2.998282939359188035e-02
-3.206750170897363361e-01,-9.435756744630978410e-02,-2.428829585020509940e-01,-1.932033965670031939e-01,3.093202863173988293e-01,-1.339914573904661416e-03,-2.889861835119856420e-02,-8.009766317188067586e-02,1.399314717558606397e-02,2.778130878726616793e-01
3.123489536142854406e-01,1.154893250882636779e-01,3.306722237005604303e-01,-1.753362305522719045e-01,-8.648668105887291624e-02,3.075213070013434538e-02,4.567676145349298250e-02,-6.525878742570451023e-03,1.822041256782198360e-01,3.085707235431791040e-01
-4.964086253229992030e-03,5.973699301297215325e-02,1.869403207693645652e-01,1.697890356716176830e-01,1.439146477440773342e-01,2.557945345929395486e-01,2.584650199407103055e-01,9.289235947424516471e-02,2.150854564634979149e-01,3.029330031003814594e-01
1.074885079294198298e-01,1.345830293567298885e-01,-3.151648431753575341e-01,-2.188885637895098824e-01,-3.900479618393510317e-01,-2.048316046303431948e-01,-2.242583516240106156e-01,-1.490017553102893633e-01,-1.895794017601784009e-01,-3.743532380210642940e-01
3.200255522280245901e-01,9.861584994958265404e-02,-1.200485556537890866e-02,-1.114696004855093431e-01,1.209716519068535084e-01,1.770497241006396549e-01,-3.105897592568741122e-02,9.213254075939243670e-02,4.733604133233331179e-01,3.629962059061175861e-02
-2.057245301208471960e-02,1.547093620057303325e-02,2.620399147758254998e-01,3.771929746548879914e-01,3.030919706656041712e-01,2.214347990217790108e-01,6.917677438623562325e-02,2.383192874141573103e-01,1.961713257386918374e-01,1.123701214475087556e-01
-1.322416802593522345e-01,-8.979271084199008657e-02,1.018777108937245351e-01,3.171834661839079139e-01,3.557940071978464847e-01,-1.557319938261632064e-01,-6.911788090885064018e-02,-1.697313707229256919e-03,-1.310499032836727473e-01,-4.232192944329666306e-01
-7.489533224980458870e-02,2.092589096355558231e-01,1.017336418477643584e-01,1.632830184208758362e-01,1.928148914299288030e-01,2.328969067941659074e-02,4.820829797239965797e-02,-1.472499831180443079e-02,6.380810446364551525e-02,-1.439638917170239785e-01
6.676859602874268829e-02,-1.391840829808804469e-01,5.160088233788485967e-02,-1.433354774227018347e-01,1.084418494990900261e-01,-4.351646854198813474e-01,4.134524667381308388e-02,2.475493987607255142e-01,1.917503208092374845e-01,2.119336920772682542e-01
-8.061802388655904192e-03,1.004970277300577947e-01,4.262954928997093051e-01,-6.191684374832905763e-02,-2.502914626340668400e-02,-3.111262197896670356e-01,1.778019807068379754e-01,-6.216803812199899609e-02,-1.367570083872026998e-01,-8.741428924891721242e-02
3.316694034952644698e-01,-3.111040131571318201e-01,-6.668694327569331393e-02,-1.048717761999214994e-02,-6.063061670568269806e-02,-2.955162729669225663e-01,1.824016048695200620e-01,8.591613568659099698e-02,1.863987147933843236e-01,-1.417702772520856025e-01
-5.703717483169693653e-02,2.448634086601290116e-01,-1.810239768661307258e-01,-5.060572303431017799e-02,9.316065993688041336e-02,-5.239939347286776822e-02,-2.116684616928442286e-02,1.309392896082440527e-01,3.071224166096176225e-02,-2.250071353052274792e-01
-4.386934820510945410e-01,-2.353103812579856735e-01,-1.655719546356614891e-01,-1.585460685416918980e-01,1.375348158198629600e-01,-2.036022454713243279e-01,-5.294033576610216590e-02,-1.565335004539232244e-01,-1.120161830986329127e-02,-1.505883222903736836e-02
-5.105444669805992569e-02,2.757506085239679883e-01,-5.358776199592352185e-03,1.286746526561848569e-01,-8.189854027976520290e-02,-2.524782293736183014e-01,-8.940104505431968607e-02,-1.801304111668871610e-01,1.834500702189926225e-01,-2.689748415619456767e-01
-2.091432150664332690e-01,-1.721899790133302535e-02,9.983198070301207983e-02,-5.521538121729551579e-02,2.902362618461369337e-01,1.300375694001595639e-01,3.068614149816871750e-01,-1.461417099287811439e-01,-1.563929517118510804e-01,-7.683277972080755636e-02
9.013877325984936961e-02,4.164870158430777902e-01,-1.901264773077309886e-02,2.271774565104624569e-02,-2.346394514458271380e-02,4.592085340212069544e-02,2.076412705610276854e-01,-2.268283056451923796e-01,8.707835797825404234e-02,2.904211409686381362e-01
-1.603641108441888896e-01,-1.041087537978948874e-01,-2.166892801521062006e-01,5.094807352846778686e-02,7.921419095610673922e-02,-2.583294940539706541e-01,-1.303158770161082503e-01,-1.439270138884775618e-01,1.239656819493109574e-01,4.533361752806508438e-02
-3.504154361596863443e-01,-7.643325357215656479e-02,3.787294729690422052e-02,-3.953589619643508302e-01,-4.474175013999198008e-02,1.260214685151948011e-01,2.147976757829424266e-01,-1.207522356758060356e-01,-1.311763840962609506e-01,5.258991865875676380e-02
1.426318743304637593e-01,-2.912612458633819790e-01,-1.191041992949910117e-01,7.305622374996358082e-02,1.236098440355454381e-01,-8.598198393017139618e-02,-3.589328707788912165e-02,2.555820224463444257e-01,-1.387219558346867165e-01,1.548404567943104937e-01
-2.549189404144440452e-03,1.411882712624973335e-01,-1.586631075818238428e-04,-2.362177675243488095e-01,2.519063688122445410e-01,3.080013821223645878e-02,-1.583291737770421981e-01,-3.211031655334062318e-01,-2.912384624285463408e-01,2.391677349923051754e-01
7.681752512647997688e-02,-3.960629215356212263e-02,-1.944406274688738612e-01,-1.788105686498388247e-01,6.050242587132443478e-02,-1.382367670642338552e-03,5.189374242931316106e-02,1.956557037675212829e-01,-2.932775376328422001e-01,-1.267926703684773837e-01
1.397526710306566493e-02,-4.317391322179818247e-01,-1.187892119000902025e-01,-8.442217933923942819e-02,-6.068394528764863710e-02,-1.644975279651333944e-01,-1.030021860902130895e-02,-2.827007810244817620e-01,-2.866587984056739868e-01,8.586462398765853238e-03
7.503310870643931096e-02,2.888005594860880709e-01,-7.074715301570730364e-02,-1.568402367835142475e-01,-1.477201906358925620e-01,-1.872021055025052394e-01,-5.359759258949356453e-02,2.933683395873472599e-01,1.398436790551042253e-01,-1.766161956618180207e-01
1.382011542975205287e-01,2.422565087457466404e-01,3.891847354265986353e-02,2.842253290281629430e-01,4.691958706656074868e-02,6.727156520963071262e-01,4.220652281203192135e-01,5.874435186343907045e-02,-2.027430799189279265e-01,-1.671876329875272293e-01
-3.309723424836202854e-02,4.096668476461455544e-02,1.476992562840516721e-01,-4.028467249627304958e-01,-6.143063554394445104e-03,5.407669410610373151e-02,1.093571781166179369e-01,7.704850521494549520e-02,1.168851611075739511e-01,-1.567991304886803550e-01
1.690518621722309767e-01,7.447456903712261489e-02,9.687657229716672980e-02,4.566041604166941603e-01,5.467700542379835132e-02,9.147091036319164592e-02,2.003265336349416004e-01,1.656885711161267816e-01,2.416816787923548315e-01,-1.935336316891720088e-01
-2.963385800464938824e-01,-2.305325584864061084e-01,1.407967568449225437e-02,-3.004788265181297935e-01,2.153974126324848318e-02,-8.827553564184860424e-02,8.662402454517290074e-02,-2.184365070321210578e-01,-2.898991056238489628e-01,5.063077726653496952e-02
1.136987558791880543e-02,3.226043729914952057e-02,-3.346103974787711377e-01,-1.063369041219571071e-01,-2.796630474834645441e-01,-1.681578139919172876e-01,-1.347606670713926424e-01,-2.101422207631322148e-01,1.336862335742832961e-02,5.110418762876234311e-02
1.551450435206166156e-01,-2.738354176102170481e-02,-3.005646627890179445e-01,-1.397398949811321234e-01,-8.846538089249490755e-02,1.906258617183756998e-01,-1.197945068798618035e-01,-1.076438051319545189e-02,-1.583910207282790972e-01,2.726041717816685694e-01
-1.993250574404351327e-01,-6.427470933315583557e-02,-1.838505390170768750e-01,-3.558403482082749258e-01,1.667355711317347333e-01,1.958568170197313996e-01,-1.384187220112766403e-01,-5.157924523450553578e-02,1.619021516776635305e-01,1.362205746808778095e-01
-2.712462082913257855e-01,-5.365736843689261973e-03,-2.178246689927869073e-01,-2.353198241085751041e-01,1.420721768628183113e-01,1.071254791365340922e-02,-7.928788803672101593e-02,5.974507830682949244e-02,8.294475952205589142e-02,1.798878004043164003e-01
-3.438246632272119047e-02,2.983109270543429087e-02,-1.110338143621511682e-02,-2.823621500214600899e-01,2.573555957249804016e-01,-3.271686690059094627e-01,-2.645852226048556535e-02,-2.256971346945567392e-01,2.465956000991872121e-01,-8.835795074729475840e-02
3.039054687696513546e-01,1.406295025992378989e-01,-1.887856682037946932e-01,2.209591351548352289e-01,9.606936033513650830e-02,-9.648105986438966497e-02,2.208805476968092596e-01,1.106598151708052952e-01,-1.544315782890487709e-01,-4.095205481380142370e-02
5.478852022191663118e-02,-2.650620004130184448e-02,-7.601141738786734714e-02,1.300998183522093510e-01,4.838512381541860280e-02,7.624765438306883338e-03,8.427678618435048563e-02,-1.476600659442806884e-01,-6.453562696262951648e-02,-4.587139959158314378e-02
6.251542040975424652e-02,-1.785771770173718853e-01,5.460597143342933030e-02,4.052668221824202999e-02,-7.367035818983143358e-02,-8.370299745307384354e-02,-4.636667224834776363e-02,1.407644854000029144e-01,-1.823847038693566514e-01,7.775298674416618316e-02
-8.043137190415729221e-02,1.370738824646856313e-01,2.392887177241599383e-01,-5.824492320450490312e-02,3.395924787413207718e-02,8.325347114062393861e-02,1.429710214904014731e-02,-7.197376935429135314e-02,3.490870998208308040e-01,1.049251041097247483e-01
-3.506466599643068283e-01,-3.223559649687595674e-01,-2.603366823847258482e-01,-1.165923950533141219e-02,-9.206909805414507930e-02,-6.385299467355302905e-02,-2.455391098540906925e-01,-3.140233966420598044e-01,9.825420410455663889e-03,-2.500062703342277870e-01
-3.238512352424279817e-01,-6.820061327170290344e-02,-2.474641368933734598e-01,1.117481110355548757e-01,1.005924693570246914e-01,-6.030272418756575659e-02,-1.155693993067140740e-01,-2.527528031368879713e-01,1.818483858926540353e-01,-8.740350778078964655e-02
-1.101648663229767983e-01,2.546102168894973095e-01,-1.996870313169951117e-01,-3.117074122588098239e-01,4.226280427941726814e-02,-3.214633098973291303e-01,-7.216841271426512050e-02,-2.591540768818367257e-01,-2.276725713840433429e-01,-2.537504734967218623e-01
6.356005522457934542e-02,1.021477797271807403e-01,7.537323278561604278e-02,-5.257263304897491496e-01,-3.482728632829025783e-01,1.057725208043132775e-01,9.665894518042465744e-02,-1.515451697131914299e-01,2.512969182847198391e-01,1.124666084109784553e-01
1.858273904709565605e-01,3.399200582619215094e-01,3.230718353266763265e-01,5.545596777518714202e-03,-1.405931150417838449e-01,1.763785536523095401e-02,7.375807398986665431e-02,-7.932683206982386881e-02,-2.875318561083409219e-01,-1.249083835389201980e-01
1.146937430104395250e-01,1.049025451724450164e-01,-1.718368529690707941e-02,2.009442819267679425e-01,-9.688393455062874193e-02,-2.081634727446517452e-01,-2.090450998980156183e-02,1.310101602765331025e-02,7.949416001228112871e-02,2.121758716276941903e-02
-6.334255080620880551e-02,-4.898128673224397267e-01,1.587011923020881510e-01,-3.083500975923166854e-01,-1.651883186846926366e-01,-6.973592321040947110e-03,-3.100693677394252522e-03,-2.113923224564818182e-01,2.811510588505733432e-01,2.008001976147438528e-01
1.222208726970692161e-01,1.767439745624343472e-01,1.829780443294657943e-01,1.689540762887187519e-01,1.448095592418896863e-02,8.436612106081622930e-02,-8.469318861279527544e-02,-3.105301056102329205e-01,8.928493698420540692e-02,7.381769908706162231e-02
1.820782299707188884e-02,-2.477567759428920546e-01,-1.170278898392593109e-01,1.990378169675887654e-01,-2.356520328705455358e-01,-2.016070325440900979e-01,6.425804701652912398e-02,2.431149407401299589e-01,3.906197470776314601e-02,-4.623162352332108038e-01
8.544429579599636948e-02,-1.422231532601137272e-01,-1.965029286710789913e-01,-2.465311208788860051e-02,-1.704796804605479832e-01,2.284683824449025014e-01,-1.445586584882190273e-01,2.914508287864159275e-01,1.810514578784190587e-01,1.173665818739693181e-02
-1.810578671877851320e-01,-1.733028138047352784e-01,3.285462480316910794e-01,7.655249405739515678e-02,2.248878902664670498e-01,2.854546982693672574e-01,-1.158468848726728617e-01,2.642410369622627542e-01,3.982522903197026343e-02,-6.884792905026324017e-02
-9.389408610363306207e-02,-1.502354880519867798e-02,5.772313392773052720e-02,-1.457143395490389792e-01,-1.155506831464699624e-01,5.810004099338916816e-02,2.284221162733188204e-01,-3.664214906646975911e-01,1.345931591320694565e-01,-3.788471532419901977e-01
-1.541261987790364628e-02,-8.281677331220541061e-02,8.587531268543383001e-02,1.900664777112657522e-01,1.718009157099159578e-01,-6.889243533310146494e-02,-1.221110785686699979e-01,2.899921424062735231e-01,1.226809784801620451e-02,1.102342228349387915e-01
-7.675807057180346338e-02,6.366554915488974176e-02,3.656402304225371269e-01,-5.034466931067362733e-02,-1.126074980426247929e-01,-9.036121348791825714e-02,1.281795028708833661e-01,-2.063394828331509279e-01,-2.865222857030270132e-01,3.786886800757794935e-01
1.440047514893926794e-01,-1.179014982578471121e-01,1.507081660511510324e-01,-3.077872976702689112e-01,3.867648872370758190e-02,7.178236154189890361e-02,4.368062432688625193e-03,-2.364708443773959334e-01,-3.126389033679609630e-01,3.820612476073482200e-01
-1.371115144245234341e-01,-7.739389683090985850e-03,-3.346916949284371029e-02,9.717881937406797066e-02,3.037583048923358509e-01,2.359070246896583789e-01,-2.324045444503743396e-01,3.408645290049602816e-01,-1.937002347921916445e-01,1.660069052500716402e-01
-7.091182353007111083e-02,2.733943998871330439e-01,6.904168764237665623e-02,-7.474565862891983416e-03,-2.520156627174934827e-01,-4.854970100455905518e-02,-1.610543913353263551e-02,-2.053841717787666665e-01,4.210091827957833377e-02,-7.310609582627959624e-02
4.223755469248514915e-02,3.045172870880904492e-01,-1.009031358690715661e-02,-4.259175761582542630e-01,-2.387423294848656785e-01,-3.726344596880660776e-01,-2.214065488440185303e-01,2.625804426411371684e-01,-2.686667735780689514e-01,-1.872287606281000383e-01
-1.151095470613110183e-02,7.790538854701400950e-02,2.188873390776425454e-01,2.641561877530461677e-01,-1.289197989591604060e-02,-3.181549757151287405e-01,5.058955916200638669e-02,2.011619851850265928e-01,8.953246511304473187e-02,1.369678021793063489e-03
1.051551188470137704e-01,-7.947357677915752039e-02,-2.041866373570259685e-01,2.052059524661641599e-01,1.021609187760360443e-01,1.063617327374410670e-01,1.663153700023825565e-02,-1.746405281835009815e-01,5.535637952941750706e-02,-8.437760717500460139e-02
-1.361404506265720959e-01,1.537507704164740585e-01,-5.558490520869004831e-02,-1.865863877177121460e-02,1.818949945478910701e-01,2.410139478440028252e-02,-6.757958653715598341e-02,-1.390705964752180224e-01,1.076239965633467438e-01,-1.729603573598313127e-01
5.030177636110799017e-02,-1.370632947758484432e-01,3.812721464333181792e-02,-6.397881212878562228e-03,-2.411284604404008158e-01,-2.169965018520629285e-01,1.969864443396729392e-01,-2.156692193625759923e-01,-1.983992723945431358e-01,1.962066245570515677e-01
