-3.235563353428070558e-03,1.139766321493522194e-01,-8.667974207661144348e-02,1.419096226685245300e-02,-7.130427370049376504e-04,-1.346951785544906743e-01,1.691153541486343503e-01,1.847547294631960713e-01,1.530874727738893160e-01,-2.105878907687262769e-01
-4.990131999324141227e-02,-2.445983277432453307e-01,1.125148828191383094e-01,2.584922587398465477e-01,-2.261049382174377259e-02,1.211423116162128610e-01,-1.524961702216571201e-02,-2.559951646797007860e-02,-1.314592172107378193e-02,1.224393886202940901e-02
-8.322374888659948844e-02,-5.701645220785836465e-02,5.669770635680349696e-02,4.083471208162305771e-02,1.551503946260420208e-01,-1.251831586924276873e-01,3.613455446810708016e-02,-2.856817849799331982e-02,2.069900765357673422e-01,-1.746907458551025805e-01
-7.969777579341739970e-02,-5.106822115437643916e-02,-1.204513713986299361e-01,1.176982669179084534e-01,-6.440508406305698458e-03,1.525935221101796802e-01,2.394649909302861979e-01,9.105288138124631100e-03,3.753486459153956151e-02,-1.549355235880245929e-01
-4.353875379334044143e-02,-3.423723819970071053e-02,1.580133214950666387e-01,-1.738172650514314965e-01,1.389513980460788667e-01,8.990360649578693630e-02,1.117464978143509341e-01,2.753103501788176782e-02,1.376973576624558049e-01,-1.325148217861455979e-01
2.335362901740575120e-02,-1.751944254431694881e-01,-4.840169610300338460e-02,-2.359150368665424158e-01,7.539859354096210831e-02,-4.975281916760696671e-02,3.501355707380050808e-02,-1.920409502055004936e-01,2.314824537052928566e-01,6.745370213366407020e-02
-1.884877233987084649e-02,-8.403427525212542326e-02,1.254111211887921906e-01,-1.294017321522867858e-01,1.996134870155893137e-01,-9.569372601616542642e-03,1.022336171535048188e-01,-1.239009762507961576e-01,-1.533185779827219153e-01,-1.924721495842174682e-02
7.501925001088986800e-02,-2.914854691086071203e-01,-7.273055213858203860e-02,1.361024248439589024e-01,2.506159535840072894e-01,1.269491937832279149e-01,-1.439836153977432920e-01,2.589362359556504969e-02,-2.415744071615864019e-01,1.491621757293824513e-01
2.777584006172440501e-01,-1.320853637878587616e-01,2.166432289585747129e-01,2.097615862250758190e-01,-1.369918394244296622e-01,-1.166010253534684460e-01,-8.383351338873250291e-02,-1.823394679427659260e-01,9.019340580913424998e-02,-1.504867042923423333e-02
3.200026232327456144e-02,-1.229781765867545527e-02,-3.678406339711207118e-02,-1.715559059768298755e-01,9.583673625669988927e-02,-1.361291406895860923e-01,1.714763043407372400e-01,-1.695890093555631473e-01,8.352988775651118414e-02,2.846789267556658620e-01
-3.372816752931939027e-02,1.120616790051998518e-01,1.098689078150041076e-01,9.373625162845249667e-04,1.739118484006492715e-01,-2.718648186062408434e-01,1.734117723007660428e-01,6.907795168229452498e-02,4.081482433116059849e-02,1.941532171013831548e-02
1.713782154309439199e-01,-9.753698961731319117e-02,3.931961074964564901e-02,-1.968219376270892995e-01,1.453775841976127636e-01,7.056119555967063639e-03,8.762650283439032961e-02,2.366935156596858547e-01,8.698756210951145984e-02,1.105248715458798103e-01
-6.030432377008358019e-02,-1.114866660794942704e-01,-1.220198420193016609e-01,9.194511657935051929e-02,-1.249526218100708574e-01,2.661506072528157518e-01,-8.171580678728926350e-02,1.692186460861913044e-01,2.785779982548351463e-01,-7.187077681099582338e-02
-8.152814670224574345e-02,-1.300822143118631757e-01,-2.351716564253205580e-03,-5.639822685158821930e-02,-1.768958171275936686e-01,2.505819518740045465e-02,-2.076514679657054108e-01,-2.141159006436162138e-01,-9.844715245867491707e-03,-1.070537543723128343e-01
1.515829778272458073e-02,-3.542717477342945814e-02,2.168063736631749838e-01,-2.649887325585376097e-02,1.535432402010852848e-01,-1.047358807401979099e-02,1.975484503990831697e-01,-2.390475299295459488e-01,1.711042886432676546e-01,1.396667898307263900e-01
1.362322188535269318e-01,1.699262601434345724e-02,-1.419683258160929773e-01,6.183259059528233015e-02,-2.697213186333662915e-01,-1.217247090228407297e-01,2.153832651777048690e-01,-6.308064057180534645e-02,3.444655594646848368e-02,1.109544486031582844e-01
-2.659978435455050416e-01,2.350843002560264183e-01,-2.053974876290570462e-01,-3.323182226972852260e-01,1.789319684923399989e-01,2.201481826888976590e-01,6.487907032345936742e-02,-1.319050177078468500e-01,-2.619921988225126230e-01,2.784395696074234983e-01
6.125174784145308998e-02,-6.412577206240897831e-02,1.281373684796953127e-01,-1.475609399652078602e-01,-9.601284898881158603e-02,5.639010871415717219e-02,-3.302504614468456095e-03,2.667142485064850077e-01,5.915023612112076112e-02,4.088320716506206598e-02
-2.013653824855500540e-01,5.613803317182211594e-02,-4.883594840307171718e-03,-2.137368063065608614e-01,-2.329481558893043425e-01,2.294038448959874466e-01,2.607568591508870326e-01,1.323028367578359399e-01,2.086708543672702865e-01,-8.832770982758406109e-02
1.180476235884779651e-01,2.700314259497493818e-01,2.565313048484816894e-01,-1.898893306751027119e-02,1.046011489995999078e-01,-1.567439174632428989e-01,-2.438859658838516686e-01,-1.908484020889225363e-01,-4.668778623340245210e-02,-1.186312165539643859e-01
-1.525415273942290484e-02,1.453259973664782490e-01,-5.621401888207069875e-02,-3.074984501914805879e-01,2.034310716486367396e-02,-3.952632503590237240e-02,1.370700217884685268e-01,-8.670319441340339217e-02,-1.705980006362042833e-01,1.748305155332274818e-02
8.663407284108477768e-02,6.968807652189369650e-02,-2.821278872019685746e-01,7.496340371056509078e-02,-1.313891036590788819e-01,-1.084540712770769161e-01,3.937344279045940088e-02,-1.025575780316009301e-02,2.224499097793438407e-01,-7.460871191985132822e-02
2.643687213222588039e-01,-2.218273279903102135e-01,9.703736648161870315e-02,1.670715807436818634e-01,-1.177603276478383088e-01,2.470167563230414934e-02,8.984769617973463463e-02,-2.415544361540366836e-01,1.741073441458603765e-01,7.588591453742141169e-02
-1.472343880436601804e-01,1.122575913226927097e-01,-1.201868804118630119e-01,1.785478241830388835e-01,2.177082243152500818e-01,2.928229315606302174e-01,-8.016414256592482857e-02,1.269769684361279627e-01,5.145623742581804938e-02,-1.401472968922415352e-01
-2.145940934116488674e-01,-3.301786534216692715e-03,-4.405414850187418241e-02,3.363251385472412203e-01,1.002185238845186288e-01,-1.502045419745057508e-01,1.237784813647229143e-01,1.606065989172030806e-01,-5.708558968561557034e-02,6.971463052562456783e-03
2.190902484435992004e-01,1.191205339496925891e-01,2.172774664483796692e-01,2.172279661694433428e-01,2.966888689004540391e-01,3.225538684669367745e-02,2.691997387778886086e-01,5.597075052567833386e-02,-1.589423204927124522e-01,-3.610373830600703549e-02
1.009539977477339340e-01,2.343283893716070487e-01,1.260686660681356042e-01,2.156573690454797743e-01,-1.205616577580798376e-01,-1.429844283575395780e-01,-1.019403279962110137e-01,-2.833775107972518192e-01,4.997063718137716160e-02,-3.679774074567754554e-03
9.508225221810595595e-02,-1.866926395754521517e-01,-1.494478227316292096e-01,3.531168730126414083e-03,2.999668808334257086e-01,-5.813036396229273595e-02,4.655522239306718324e-02,-6.203446121753106168e-02,-2.068509887297536043e-01,2.704592058374929303e-02
-6.392458934959462102e-02,6.511284503716791017e-02,2.963676710839855538e-02,6.871939313390086623e-02,-1.018120650849337616e-01,-2.491381119393416554e-01,-7.718014831231623241e-02,1.263857615422148972e-01,7.923855656856439167e-02,6.901530057855607969e-02
5.581034240660574103e-02,4.119085194532005056e-01,-1.888939481195615333e-01,1.160723445038260720e-01,-9.632777920927555748e-02,-1.772505502173651881e-01,1.987499245888051935e-01,-7.802519403025051647e-02,8.646419517174727676e-02,1.483564072319305989e-02
-5.379639865141573607e-02,5.192353355684387571e-03,2.264105694450629092e-01,-5.086778456654001204e-03,6.851765936066150919e-02,-1.650076439495764824e-01,-1.847225279760275896e-01,1.333116757465604429e-01,8.768772215944194148e-02,1.300118504627768498e-02
1.006166720233056949e-01,1.187056548822272295e-01,-5.715854255966523051e-02,-1.866527391462847463e-01,1.106345769956407765e-01,-3.093673047691313654e-02,-1.962054789000565458e-01,-1.347179227257113421e-01,-2.869345964675263511e-02,1.538116454016090744e-03
-1.574859959944922561e-01,-2.334227666067270959e-02,6.559790997496511844e-02,-1.502323451100862350e-01,-2.247291857948047200e-01,-1.863103909523146640e-01,8.892175630246708373e-02,-4.910013107518029774e-02,-2.038445520793552290e-01,3.600045162060403620e-02
-3.672518597608667029e-02,-3.443832151755103488e-01,-2.704494496598192077e-01,1.567745047850042928e-01,2.205681625669038692e-01,2.361835300309740593e-02,1.416442070391651931e-01,-2.315935256512161033e-01,-6.270086388835646729e-02,4.290020094108205201e-02
9.956774330762994951e-02,6.723992319054948597e-02,-7.360086003308972946e-02,-1.212866310574659268e-01,1.640823621449189196e-01,-3.996275584847527179e-02,-6.195707401232138610e-03,1.914393046088473313e-02,-5.446355421932091295e-02,-1.507120178123445842e-01
2.969412504328066693e-01,1.233849562162381841e-01,1.123348500314563514e-01,7.250072240412835933e-02,1.995147180459324876e-01,1.322798407462930093e-01,-1.199101834878394113e-01,2.596634677688742787e-01,1.104646905907252924e-01,1.443176616940910206e-01
1.498712972381140152e-01,-9.992742212245184219e-02,4.725308427804204153e-02,2.666591716265506382e-02,-4.413757018538632532e-02,-8.865804888614790824e-02,-5.319327034328528298e-02,1.609279151983435685e-01,1.283485373793666600e-03,4.516728545290264740e-02
-4.319771241870657558e-02,-1.520285803709837125e-01,1.801564892407221397e-01,-1.293127516625549034e-01,1.965086811138405387e-01,2.977764188781306491e-03,-7.263447106906423256e-02,1.613995215279758200e-01,-1.319113109820322927e-01,2.342818150962133403e-02
1.380165732540553358e-01,1.651195714060901543e-01,-1.934226695683626818e-01,1.477416943637211155e-01,1.416369749190964922e-01,7.127109976482232101e-02,1.032838487219357310e-01,8.990234206000072281e-02,5.257822233006356760e-02,-4.852684230233940410e-02
3.726433133454238322e-01,-1.542015922857394306e-01,-1.147388718529288032e-01,-6.682477378964254977e-02,1.009956140777673317e-01,8.272319437275360565e-02,-1.216418356725033206e-02,2.011674904727082658e-01,-3.410369840163505334e-02,1.376573375878209493e-01
-1.272815595909626042e-02,1.823659935643286711e-01,-2.391856572522373797e-02,2.435098124193223745e-01,2.026659548103984243e-01,1.914277482341613934e-01,2.148805191874568199e-01,2.577132565082393065e-02,-5.433841072321898835e-02,2.966731942172854894e-02
1.605725097639323640e-01,-1.269526114521703497e-01,-3.084527228278077446e-02,-1.624996145638248346e-01,5.919493755477118861e-03,7.908070905988059951e-02,-1.357979648519896110e-01,-1.601817106519019818e-01,-1.629114397744739207e-01,-1.925438198294003589e-01
-1.737081613644450295e-01,2.695309590637359198e-01,5.980024824862124888e-02,-3.506011188744159041e-02,1.403426910008074291e-01,1.225979509921666238e-01,2.777822404916071575e-01,7.000899595096603256e-02,-5.755500822037449811e-04,-2.200994579938418683e-01
1.133003435458713598e-01,-3.068547077086509756e-01,-1.373927565429347852e-01,-6.213667395727132808e-02,1.420189678396140132e-02,6.466270323082094762e-02,-8.947115956752061750e-04,2.308324151365007681e-01,-1.356031155966352930e-01,-2.267061101027702252e-01
1.077859646701639501e-01,-1.326625743204290775e-01,-1.331637056847658103e-02,6.575595768437188238e-02,6.550425907535425973e-02,-2.182796307890710885e-01,2.523894383468947011e-01,-2.026173196005122412e-01,1.176833641524087891e-02,-9.987103636226510317e-02
-1.718741306766973509e-01,-2.123825023390830402e-01,-5.933196844624120947e-02,-1.638297144589386523e-01,1.107764300684403597e-01,-1.159343580645756377e-01,-3.007846939398449437e-02,8.407143702921421324e-02,1.186009421297782862e-01,1.994873496187177936e-02
-3.331818955797758580e-02,-2.000817876365279524e-02,-4.565604001722342598e-02,-1.100825551052687090e-01,-1.257120827009249597e-01,-1.502106076188217954e-01,2.692171950106187883e-03,-1.611436659555784690e-01,-1.713917719992285871e-01,-1.555453351910806026e-01
1.132980270176247029e-01,9.584931166617353948e-02,-2.318787045319862794e-01,1.509617216115839156e-01,1.413484526407943753e-01,-2.594944822246243454e-01,-1.229275440260795688e-01,-5.973551120530502107e-02,2.357767420116689272e-01,-1.295550332469638521e-01
-1.614772861282089689e-01,-2.089749424080391549e-01,-3.170435482933404298e-02,-1.652127090126942754e-01,-1.813727368671963769e-01,9.245066900661261244e-02,-8.345480671918169280e-03,-1.918398605497655118e-01,1.391857137742436856e-01,-1.723578031493344098e-01
1.273778198801317485e-01,2.843205253656517217e-01,1.552383159459295170e-01,2.600361232861852362e-02,1.966055046585763744e-01,-1.575772514949864977e-01,-1.205095213146951949e-01,-2.295281572737676579e-01,-1.679957695952345731e-01,-7.657819570530792486e-02
4.589391984115973044e-02,5.483644753310731174e-02,8.171435997513087912e-02,-9.666162692377766597e-02,-5.256632382264042266e-03,1.156764568374810953e-01,-2.037968158473671965e-01,5.129878091557474318e-02,1.985169565382694234e-01,-2.657062402431746295e-01
-1.441343968329491798e-01,1.934358071468938456e-01,-3.673070369444474126e-02,-9.418492765737479511e-02,8.961540690007685495e-02,7.904709765692689849e-02,1.847069696898229196e-01,1.834892056519710907e-02,8.557122789150908848e-02,-2.431537393445798723e-01
-1.683834822390259389e-01,9.651265153765077598e-02,9.920897335945140505e-02,-2.781829267860951721e-02,2.369294776995384544e-01,-2.243889149813408646e-01,4.849198259404811917e-02,2.396926633228819437e-01,-1.388597684746646632e-01,3.020746295282398033e-02
1.301461476787897642e-01,2.035079063869826843e-02,-5.673688768741368127e-02,-1.986000388106864412e-01,1.392929497292809682e-01,1.190918559315845560e-01,-7.993589128827181811e-02,1.997947540694130220e-01,-5.276390007664991805e-02,1.520833454837258736e-01
4.871756575489339519e-02,7.542936840957545352e-02,8.406373369062589140e-02,8.225035585629911217e-02,3.516095717547329524e-02,3.551714778085632296e-02,-2.440103534033256916e-01,-1.729695353890705820e-02,-2.397176809760724614e-01,6.627086319672843839e-02
1.388976483359734559e-01,-9.152738881492950007e-02,-1.404214243812807739e-01,1.258172846138235768e-01,-7.536116560049856139e-02,-1.282485881978607800e-01,5.049072757768913872e-02,1.398481045583618021e-01,1.374052504960255605e-01,3.635692912739546534e-01
-2.646234609857690823e-02,-1.816392886441991206e-01,2.031904301805704527e-01,-1.318979690758133316e-01,2.563038969018695545e-01,-1.120212330939035078e-01,2.067426710321224742e-02,1.159605260803954485e-01,-2.252234141446748106e-01,2.249878482804649749e-01
1.241316448491855684e-01,1.801525622251279324e-01,-1.076669457189741025e-01,1.959456560180352080e-01,3.793365304348560174e-02,-2.679661748547855771e-01,5.634597850287659249e-02,1.819545684192989399e-01,-1.950764977566577796e-01,-1.290839928453052510e-01
-1.576253174009269523e-02,1.392580080311703050e-01,-6.130440846105607300e-02,1.553220961148440438e-01,1.344266275932748667e-01,2.712811168045859214e-02,-1.571272875054791074e-02,1.182776407099601634e-01,-2.531801049895463993e-02,-9.446668026204015078e-02
-1.145340516617124327e-01,-4.136922205993243812e-02,1.354908279055969667e-01,-5.237973639346837212e-02,-1.864005304516685169e-01,-2.014341094179177005e-01,-1.426051866412285374e-01,6.714975579873436358e-03,-3.326987763318988711e-01,1.406098854967080813e-01
-2.304013096823968876e-01,1.961570274902094679e-01,-1.365642241489984504e-02,-1.385329912547880460e-01,-8.725649694275702806e-02,1.578619786974918004e-01,-8.784200421688303671e-04,-5.583742402773902991e-02,1.088062620720056106e-01,-1.822526443670914875e-01
-1.624908364194495580e-01,6.534741259689864912e-02,-1.513105794234936852e-01,-6.928078406782089971e-02,1.251587241662892869e-01,2.765270503840498995e-01,-1.650000914118979201e-01,9.530505323435785325e-02,1.478179544941196286e-02,3.130236444806861473e-01
-1.120020237352145759e-01,-2.328328215699929093e-02,-1.833181464629185520e-01,-1.208979434214974280e-01,-1.677363064536553997e-02,3.897536391039666676e-02,3.161712528766903452e-01,8.550154660581615884e-02,8.505654560485732818e-02,8.729541237358286188e-02
-9.428121668579170223e-02,-6.163287852912751469e-02,-6.736528408324975181e-02,-1.891626196474086585e-01,-2.138683130875050908e-01,1.735447989689567760e-01,-1.163883611420917924e-01,-1.128862209473612960e-01,-2.082328800950691006e-01,-8.488953865082411732e-02
-3.508279599011137062e-01,-2.815688258039207234e-02,-4.327496085345410720e-02,-1.896779556076734208e-01,1.411842036486732066e-01,-7.619188233072510252e-02,1.051575883291973462e-01,1.228077884540880738e-01,9.045587951065912902e-02,1.076659415315708718e-01
-4.524867246730884113e-02,2.639004052132088440e-01,5.628598352297748547e-02,4.234841197869399637e-02,-2.489570833083264711e-01,3.969065266010694121e-02,-1.826707990323649111e-01,3.805503495959110249e-02,-4.442736990910179512e-02,9.010682861352894979e-02
1.469567312143266469e-01,1.311889558892531393e-01,-2.697514803521747564e-02,5.233534185403478090e-02,7.999465015345170321e-03,5.856805940625057355e-02,1.850946537305430406e-01,-1.573138085878628134e-01,5.789038598132618951e-02,-6.303986266276719042e-02
-3.596965281327232367e-01,-1.037845564881497984e-01,4.101261462359570564e-02,1.177817177884646349e-01,2.162481326149548189e-01,-1.273615298792405981e-01,-1.439282087801394827e-01,-7.452595716046951646e-02,7.251020490814277797e-02,1.529200439454658084e-02
-3.469660305924177068e-02,5.960591144397527769e-02,-1.355801045031989061e-01,1.194206397548328302e-01,2.337581976520687055e-01,-2.792238023573794248e-01,-6.377349322010861243e-02,-5.040537138494321362e-02,-2.609253962996885279e-01,9.531002262631430022e-02
9.486214836916870285e-02,1.767775643829236354e-01,-1.130713909283171115e-01,1.476680671230652941e-01,-1.679022597221235119e-02,1.687273801361036385e-01,-3.922676547900379521e-03,1.095981455929294218e-01,-2.445036386551455512e-02,1.227228691141122180e-01
1.326774744739723788e-01,-1.597320359515801425e-01,1.472391455364270574e-01,-1.110132970861745089e-01,-1.741685220497983799e-01,-3.997548376957917732e-02,1.032992996819545317e-01,9.025215050154129781e-02,1.718326318261905739e-01,-2.575526275262993159e-01
2.739598448749862580e-01,1.039788494864406082e-01,-2.199486257770514319e-01,1.594781803943053633e-01,2.196708623582334374e-01,8.589931441291659420e-02,-1.509300109391870925e-01,2.278535404884967364e-01,-1.003716831304661133e-01,2.448629235135157400e-01
-2.787574967279544125e-01,-2.264308409509405151e-01,1.904538379136958004e-01,-1.039043720807074078e-01,7.119434531098163543e-02,-8.421300841248721691e-02,-5.154626390964897435e-03,-9.513986300386022277e-02,-3.393082620800303567e-02,2.509208155073918145e-01
-5.598731662215260252e-02,1.118688770776569558e-01,6.398829529207397671e-02,-3.143546703105332130e-01,-2.326844005098331961e-02,-1.979416892439481435e-01,-8.672778227501985737e-02,1.216750051783561382e-01,1.537380211074524106e-01,-1.922391153352907833e-01
-4.834858131300966144e-02,-2.480602853524536966e-02,-2.002599918871096618e-01,-3.388968880706839243e-02,1.992895967330884366e-01,-1.209221467911803134e-02,1.903144910406699974e-01,1.631870544956172953e-01,6.183723579979490126e-02,-2.970899330513056547e-01
-1.991827560229883498e-01,-5.407367056076862327e-02,-2.492167008650479285e-02,1.622002935185281464e-02,6.651688029932464885e-02,1.139676763191550812e-02,2.527671777300136702e-01,-1.665660112204214449e-01,-5.565743066750947210e-02,-2.641313496428965846e-01
1.504816772206783448e-01,3.775564245147040171e-02,-7.212246303816257156e-03,1.490108932242107664e-01,-5.072319216392241065e-02,-9.286425597013778233e-02,5.916151420248857984e-02,1.439961764478647210e-01,-5.164096728930946123e-02,-1.837712962295592334e-01
-5.447353459838960577e-02,-7.504475117600448164e-02,2.146443768626209170e-02,-3.467104065186628597e-03,-7.983076459957347271e-02,2.168608186427177509e-01,1.653126130437008665e-02,9.790774203682969801e-02,1.430652803012977814e-01,-6.667732336366932744e-02
-2.007671639194455737e-01,-1.720498778327298750e-01,-2.386864517754298531e-01,1.948513003756562612e-01,1.521232047761289508e-01,-9.583205532476010702e-02,-5.795989142312922560e-02,1.895647700591788221e-01,-1.266653605186561782e-01,4.196597200277656786e-02
6.703233280768437774e-02,-5.338847378604377747e-02,3.005213533197801518e-02,-7.853159218565815280e-02,-1.633334681993775794e-01,-3.946404111390040825e-02,1.046875032296109703e-01,1.335575524937509528e-01,-1.237658817004998017e-02,1.095295916327705538e-01
-1.172665093943967007e-02,1.695209298518372543e-01,1.917851024042366570e-01,2.849675955320120080e-01,-7.510743593502072768e-02,1.480594340644461882e-01,-1.903755214208798230e-01,1.096557814495924404e-01,-9.813229612015264558e-02,-1.050576652134652123e-01
-1.537756808725380120e-01,-8.979509545999449227e-02,1.492821088907691218e-01,1.870790979115534991e-01,-2.358731592788182452e-01,1.811703645931582729e-01,3.557618532968687131e-01,-1.743184164759752630e-01,-8.011639521808694431e-02,5.740346308235380612e-02
3.131789569027024992e-03,-2.307470199140571748e-02,-7.676768746920126230e-02,-8.259677030697455680e-02,-6.035256770559097733e-02,2.032101371026036885e-01,-1.322877709688828098e-02,1.871753789083532848e-01,3.051280092798844962e-02,3.343084562616694955e-01
-9.154638764227342185e-02,2.361645457864447201e-03,4.237112208934416813e-02,-1.105625591820488252e-01,-9.929828191838631357e-02,1.803751323942019702e-02,-2.713477091361194415e-01,5.172209107521278521e-02,3.227323950990879098e-01,1.215940320181079087e-01
-1.219408999716401765e-01,6.946415046389582681e-02,1.801134653593093257e-02,7.142341190112132254e-02,5.529499567180078123e-02,-9.946517453357843486e-02,1.140850926624325246e-01,2.570269633608230353e-01,1.119253060715577341e-01,1.574056492019529074e-01
7.561992502727447885e-02,-5.891517887273325926e-02,-5.991741163425753219e-02,2.247159495658633543e-01,-1.913373682354032046e-01,-1.275273502532563441e-01,1.054636867646182308e-01,2.134323841975677150e-01,-1.108108037899120657e-01,-2.093851810500610075e-03
2.370141780517942276e-01,-1.912582638788970779e-01,-1.090322228680248168e-01,4.250508711877226502e-03,6.449490363157921180e-02,2.697712789983915393e-01,1.414366839756488192e-01,7.459234652784196840e-02,5.800920241306121126e-03,9.956514687988854417e-02
2.552339519336278562e-01,9.020748657403865334e-02,9.472043288309832387e-02,-1.726859396340175642e-02,-1.687038774517246043e-01,-1.528136585905369160e-01,1.108877936328624275e-01,4.926292255261183889e-02,-1.863811114050484274e-01,-2.266287544022581868e-01
2.162156306581042992e-02,-2.534755463749581716e-01,-2.067944812382898900e-01,-4.125728204661557874e-02,-1.425401963863522914e-01,1.198794012687803001e-01,-2.281507987719547659e-01,-5.999697863109058893e-02,-3.597657906586779891e-02,-3.310583150570129973e-01
-1.408022087387879491e-02,2.667317434061552417e-01,2.366103268583243102e-01,2.255469655947751617e-01,1.883305217836270529e-01,2.694342513188403565e-01,1.827404592358037871e-01,1.310478152540142938e-01,9.905867074433298558e-02,-2.315139586288327000e-02
-9.482053709076188053e-02,-2.116085422429130336e-01,-2.358286468279658862e-02,-6.573361872645407111e-02,-9.632050934946301268e-02,-1.572022516889609034e-01,-1.347716434091438265e-01,-2.635596485410006129e-01,3.472672995189689943e-02,2.958599927718725403e-02
2.414052095367956799e-02,-4.146468016709876914e-03,-1.948703513303311763e-01,-1.384812759997820775e-01,1.395634531279545121e-02,-1.834450621889046895e-01,9.380716529044760832e-02,-2.009962394242078287e-01,4.257721940394065124e-02,9.533645390269103459e-02
1.982524089263182632e-01,2.646460966578001797e-02,2.113195814714624032e-01,1.898697582253936200e-01,1.450204754809397006e-02,1.221805008482176012e-02,-1.495416046774634133e-01,-4.359376995117319326e-02,-4.383785793072914050e-02,2.794942124208539547e-02
-7.668210781405178367e-02,-9.036930012883669094e-02,-1.428598184425484974e-01,-8.067895959163011443e-02,8.809645934756210606e-02,3.323967526581653731e-01,7.980882155400516320e-02,-3.063194337544387635e-01,-2.284596176678238902e-02,-3.196121391534477718e-01
-1.026170345575556225e-02,-2.054336181368051073e-01,3.959499539620835867e-02,-1.336536198841152823e-01,-9.474833225097964440e-02,-5.754250583286061628e-03,4.628550213482769161e-03,4.397393914173719498e-02,-5.352090237906967363e-02,-7.452933272762275740e-02
-9.161278121232875604e-02,-1.100659121352809966e-01,3.195732329385105042e-02,-2.254237674091808252e-01,-1.943116047439667204e-01,-1.138615803503957996e-01,3.164240084803605219e-02,1.873846002758599097e-02,2.388839075948286650e-01,3.608660383474148609e-02
1.549684332006359688e-02,5.381585843363868860e-02,-7.853368862205628576e-02,-1.351935898996712293e-01,9.403740027029787452e-02,8.556396206592656317e-02,-3.744980803080021070e-02,1.436073605605230064e-01,1.450767067021038192e-01,-1.017039409632938679e-01
1.459504788601409531e-01,1.876625157302762859e-01,-1.084352103209260260e-01,2.162206237909723716e-01,-9.419677795877376414e-02,-2.105900919557836259e-01,4.522808145946705799e-02,1.643568871315864988e-01,-6.999599825257875330e-02,-5.293950916950884711e-02
3.682859401574534175e-02,1.403823103920990092e-03,-1.533508568090302671e-01,-2.236317375287447673e-01,-4.373994161197670982e-02,-2.494109320917185235e-01,-2.685266766346449188e-02,-1.510183741092549492e-01,1.576010224840521112e-01,-4.612157746648705425e-02
1.064244314305597405e-01,2.602605454893831133e-02,2.743756125242719501e-01,6.279612752115235064e-02,4.702249629244337203e-02,1.751564875421608020e-02,-7.034472742401236267e-02,8.361755072073515788e-03,1.990584086769439653e-02,6.476283659075736908e-04
-1.877470768528947398e-01,7.511679674671120632e-02,-7.096826898322437793e-02,-2.189391737635062573e-03,-1.698465771627875320e-01,-1.478148928965219815e-02,-1.970838195348536270e-01,-5.541047340100448138e-02,-2.145785968071208805e-01,-1.011195771058656934e-01
-4.588745731101164654e-02,-3.699655344657715172e-02,-2.464430268891936449e-01,-7.840470458736981119e-02,1.602120911572438855e-01,1.465003764392596580e-02,-3.053534283801994098e-01,-1.205340613794421978e-01,-1.081504845700348300e-01,-1.621808986843947253e-01
-4.734417872135725930e-02,-1.423048787313085650e-01,-3.652347073198659033e-01,1.792009640150594996e-01,1.484196195001684371e-01,-1.055916035018215071e-01,1.318493643452535724e-01,-9.880892449706425718e-02,1.023466636525185158e-01,-1.614013517835527212e-01
-6.130751398743351094e-02,-2.005179577872890917e-01,7.663938333241230964e-03,-1.307608959217820277e-01,-8.780406494562358055e-02,-1.252716110832664542e-01,-1.533425803549341437e-01,-5.442335096463689348e-02,1.810843679326595568e-01,4.940671676036136745e-02
-1.233900992740483982e-01,-1.052390484916228414e-01,9.818805088152907090e-02,-3.964606670576945047e-02,-7.008255871993020192e-02,1.979455030762296841e-01,-2.551609704336643136e-01,1.589796811369606488e-01,-1.832839684818478310e-01,7.031285932113014170e-02
2.221231321571558726e-01,1.440707966994502209e-01,2.831771059226824150e-01,1.523539394259668389e-01,1.899890439781209972e-01,9.705811729501669094e-02,-1.270564928589633658e-01,5.752457308054033380e-02,1.891300182221102855e-01,-4.677939571614133513e-02
8.691522653349706418e-02,1.142447928574255589e-01,4.572187812971271331e-02,-1.887585718349486796e-01,1.956957275481875091e-01,2.367050686350231914e-01,2.204679404536417364e-01,-2.250952551351158015e-01,-1.808941883894451541e-01,1.349114715439835577e-01
-4.357099264771012448e-02,2.561238856713178302e-01,-1.153750205373224452e-01,3.401617448237592711e-02,-5.340059947784647765e-02,2.703258407244319983e-01,9.554768452088414910e-02,8.606033017987958778e-02,2.076226053674230521e-01,1.085063630187300399e-01
2.285267911935426055e-01,-1.870267083308181644e-01,-5.996586026089568283e-02,-1.579075857889790657e-01,-1.668714087345768149e-01,-5.941858843031547210e-02,-1.034256336116630010e-01,-1.455864397103260321e-01,-6.465191070529549555e-02,-3.995559532347779663e-02
3.291964135189985596e-02,-1.557655000278958535e-01,1.742061980700365664e-01,1.439606992708140076e-01,1.236284761821588724e-01,-9.547883399815201844e-02,-9.791199711162441865e-02,-1.092783155927110200e-01,-2.180766884945230522e-01,1.088179322548923078e-01
2.595516351306218286e-02,-7.839434957078780797e-02,8.519690991497765042e-02,-1.349482908738144360e-01,-1.824535707510263061e-01,-1.063095685345935570e-01,-1.941180636155301620e-01,-1.836551256166537027e-01,-3.988728355925178493e-01,8.649673071723251727e-02
-6.322352747146153806e-02,6.965262678581043976e-02,-3.832500707834526343e-01,1.579825536107043737e-01,-2.754639549041019708e-01,9.760888627487429581e-02,1.059053021961292029e-01,3.306976062575164854e-02,1.969707348823757087e-01,-1.175904762294707889e-01
-8.285520704426414113e-03,2.607997278423467291e-01,1.499679105110451049e-01,-2.166094717157955041e-01,5.253797397568254340e-02,-1.671984828397279355e-01,-1.171912175478197204e-01,-3.091532175229842749e-02,1.913982629979839867e-01,3.007168011831206147e-02
-4.195761866662618411e-01,4.123316391847939993e-02,3.897561028991738258e-02,1.814065574047058708e-03,1.788993183775761942e-01,-9.682296329283887615e-02,1.398255391595248087e-01,-1.324301964167531320e-01,-1.246393253906449006e-01,8.647476659064277926e-02
-1.922297322979796231e-03,4.051945585739648997e-02,-8.334597976565487343e-02,1.158556394486967983e-01,2.444659796802023943e-01,-2.277633571521986422e-01,-2.809609534805911357e-01,1.106757385562813778e-01,8.945232566770780491e-03,2.035866018449322135e-01
-9.836015289634748859e-02,1.853107906971282193e-01,2.811644676344969285e-01,-1.716447404230969087e-01,9.719259034530865204e-02,-1.821255814845156862e-01,1.865703586083034271e-01,1.498476084432265321e-01,8.451600934855631186e-02,9.537704414414575893e-02
6.097128451880929646e-03,-6.196088385903170126e-02,2.557232670498660321e-01,3.471634515701683271e-02,-9.316631341537597380e-03,1.897158179679637457e-01,1.392672118951173051e-02,2.578606861426472469e-02,2.420037118335647552e-01,5.769106878776467107e-02
-4.704683521583745247e-03,1.870920996525030078e-01,3.442603595187836152e-02,-5.059683608553382922e-02,-2.202750509346905212e-03,-4.221893589509465028e-02,9.914078257351371937e-02,1.029507512713731705e-02,1.580437171908657739e-03,2.782553433441794372e-02
1.728418438837251922e-02,-2.895935583436517677e-02,7.938858121894427911e-02,2.602352823821908467e-01,1.499285931023859597e-01,4.269497928239466417e-02,2.395822495290642843e-03,2.479399675804417058e-01,2.871587904758565735e-02,-1.846635145796964306e-01
-3.623478965126981921e-02,5.031350879076919302e-02,7.176817087003445339e-02,-9.548929476800872840e-02,-1.481613753790082533e-01,-9.193489378661952316e-02,2.655224888597175203e-01,1.032783951772417302e-01,2.320006205363908947e-01,1.495778528032359889e-01
5.669910029598160955e-02,8.768820921207338970e-02,3.393822339669224086e-01,-1.965055642061090957e-01,6.941850280188539835e-02,-1.718630103834918321e-01,1.660562618713110894e-01,-4.502163711855731998e-02,2.222671576058679044e-01,-1.305323509652484837e-01
1.738519972566780758e-02,1.271288331699358953e-01,-1.582214996317905450e-02,-2.593710830674077483e-01,-9.441816745523580467e-02,7.064508581159294198e-02,-1.083345283944351679e-02,1.051086179492380507e-01,6.467723155238977450e-02,7.375596350506189933e-03
4.667655774580952571e-02,1.522192483249281969e-01,4.094264907054634972e-01,5.902060742808830363e-02,-8.500176995091462961e-02,2.864110991405292572e-01,2.168219428784523561e-01,9.285986061176385031e-02,1.289277465149643864e-01,1.768536966755567541e-01
-1.902185586155389014e-03,-1.399052296390264905e-01,-2.799452272570812084e-01,-3.341371881555359885e-02,1.172639000978168144e-01,2.014642464719990644e-01,4.879705682818012702e-02,1.614251824714361128e-01,-1.239584381310667588e-01,3.613572209854860190e-02
-7.584318504846621067e-02,1.911194226312985522e-01,-1.123123175626864478e-01,-3.335173111257691558e-02,2.176119086847561335e-01,-1.614455024420587484e-02,-1.240257084523628123e-01,-1.357394858509075597e-01,1.323235457003040794e-01,-2.259670927108382334e-03
1.387376193222629728e-01,6.734080250110897892e-02,6.533741028878185808e-02,-1.151878060597444353e-01,-1.788394803196393518e-02,1.939455768284029380e-01,1.397906122974509890e-01,-7.790028916231850342e-02,-1.203174091790271821e-01,1.123054345628353295e-01
3.351308370332100467e-02,-1.192653618039508090e-01,1.609154153867418599e-02,3.027184070968627627e-02,-1.216787603093799353e-01,4.078799633699305149e-02,-2.562075829124547122e-01,-1.274110536898196422e-01,1.201654740397491566e-01,-6.811986913156725665e-02
8.832249524064887669e-02,8.043374374224668277e-02,-4.751193775369815658e-02,-2.599155487736183323e-01,-2.191876417938806547e-03,2.393030156188327429e-01,-1.378160478343742612e-01,-3.520635065715250200e-01,1.860089017536967204e-01,1.360837071878038401e-02
-9.083170081582299382e-02,-3.358607167536716703e-02,-9.542520600330239855e-02,5.856256786969291778e-02,-1.223103443331991086e-01,1.844382811267046285e-01,6.880743862679549253e-03,1.193670889289210300e-02,-3.417025788336128245e-02,-1.993209568267975684e-01
-1.322964245776409864e-01,-1.164625583283697072e-02,1.407246531308487675e-02,1.609480838728105934e-01,2.245036562766022231e-02,-1.611259021339646047e-01,2.679565338747128510e-03,1.813221175530497706e-02,1.101519085866235481e-01,2.024438074207328582e-03
2.412528829484960127e-02,2.629732933163930197e-01,-1.630218177043087080e-01,-1.907937791303284947e-01,-2.075635313441635127e-02,-2.403137483826665519e-02,1.047775574525662418e-01,1.105573558559407032e-01,-1.027005391982281773e-01,1.546010586113670364e-02
1.889418344405081884e-01,1.419090340296152442e-01,-3.146344811546950004e-01,-2.085990796111014400e-01,1.367474748273801999e-01,-1.028081150849596004e-01,-2.075286246629600428e-01,1.109977383492914693e-01,-1.245519495561663442e-01,-1.109944459212025836e-01
1.133385086029372740e-01,5.422560490592825966e-02,-1.493037054220452140e-03,-7.610385794140811511e-02,4.847366553541426065e-02,1.658021089270993176e-01,7.848165411227425725e-02,1.488334523840637580e-01,-1.202036936408832080e-01,-7.748887673510015950e-02
-1.735036179064122219e-01,3.575080794083760477e-02,-2.164370982319735459e-01,-2.063048865935065146e-01,-1.122939257567754159e-02,1.067657619810838954e-01,-2.212547318283612230e-01,-4.715866759847304329e-02,-9.012082093500653479e-02,1.056281638589590538e-01
4.935035277875735385e-03,-1.514284925688720862e-01,3.976688886695089326e-02,1.022729014672252856e-01,-3.624478861441094574e-02,5.885323861083130437e-02,-2.177524432839873791e-01,-6.359048721318956432e-02,-1.419874302860012483e-01,-4.336028326927390125e-03
-1.118252263300421878e-01,2.529440135355639011e-02,-1.339678426900133279e-01,-3.114400549219656106e-03,-3.099646766387577634e-01,9.801702839999991423e-02,-5.115447612464282118e-02,7.846560795774643049e-02,-2.303733623891140725e-01,9.806659847771631577e-02
1.515661857674670265e-01,-2.898728501884373920e-01,-1.035138648294709057e-01,-1.758247244416282773e-01,-8.659297807248353407e-02,1.211874094617848424e-01,2.082408479791691136e-01,-9.739894746652107138e-02,3.906164299000713935e-02,-3.233129078301996695e-01
-5.958201137749608717e-02,-1.948451869054554642e-01,-1.199646511978551683e-01,-1.048097669493841533e-01,-9.893353092766946077e-02,7.022841638130641884e-02,-3.405706606613170262e-01,1.797945275384317254e-01,2.096340328169927769e-01,9.283777141946003564e-03
7.771504448861010772e-02,-1.477479562263851569e-02,2.004737128735972762e-01,-1.833543977053446183e-01,2.466336797255472280e-01,-1.673529005519314439e-01,1.767371181076174760e-02,-3.418177989849678633e-02,-1.748678533699300208e-01,-8.773816187665527469e-03
1.205565753404662377e-01,-2.089391408401466699e-01,-6.356050526689577262e-02,2.018948320266543417e-02,-2.507655109127759352e-01,-6.798418289199949227e-02,-1.055309299608025858e-01,-6.650459788743665057e-02,1.148953907231031468e-01,1.057574370276140735e-01
2.038678168792705803e-01,-2.031339029615726946e-02,1.651100279772694523e-01,1.980758858855676818e-01,-2.086651159845280545e-02,1.434491150552786587e-01,4.266364671287273258e-02,1.527761407436167840e-01,3.701091575009034240e-02,-1.327927142324635823e-01
-8.963648393807410741e-02,-9.785471759793105961e-02,-5.051701690030969971e-02,1.549942545386756576e-01,8.968311403115561409e-02,-2.686837159225662353e-01,2.504972682301689346e-01,-2.138108710390502487e-01,-2.150013189346479114e-01,6.423796598179423722e-02
1.365789332856016114e-01,2.476749239688907089e-01,1.666313646728611875e-01,-3.723367339231924145e-02,6.510738939741880782e-02,-5.831888816520271884e-02,-2.360516376513598358e-01,8.237927994485645666e-02,1.886544588865692873e-01,6.551059344876353219e-02
-7.094543348522083792e-02,8.181881282710183612e-03,-4.142746549009323348e-02,-1.485011839881749118e-01,-2.229596106828869440e-01,-4.252722538794026508e-02,-1.769980866332787894e-01,-1.803943999385360097e-01,-2.788956889340050704e-01,2.491328829060374117e-02
-9.641509385225549567e-02,-1.240449096588977090e-01,-1.058623932419783392e-01,-5.672627503669581267e-02,-7.621460042518714284e-02,-8.180448961732879332e-02,-9.913552019474324017e-02,-1.503494973506230153e-02,-1.487149652200986105e-01,-4.940681791419316432e-02
-8.740450947956825145e-02,-5.349752025952425605e-02,-1.803391724434732779e-01,-1.525295615621161394e-01,8.687249571236071999e-02,1.242255007313712717e-01,1.510975315457872836e-01,-5.115110039407937820e-02,-1.862130450622903957e-02,-9.363421704567018167e-02
2.394091733736545546e-01,-4.575592286813523479e-02,-8.691462392234068635e-02,6.336637662339629495e-02,1.870459010774700725e-01,9.718806717280822904e-02,5.663267938871496820e-02,1.769473706158095350e-01,6.092630888628799285e-02,-4.404899243009382896e-03
1.839880007042044019e-01,-1.212628917399113382e-01,2.411963626978000097e-01,-4.128716796942768358e-02,8.360967160613461124e-02,-5.197924412294368385e-02,-1.567010956638416608e-01,6.208006273587326346e-02,-3.995894603186036370e-02,1.627436776193214030e-01
1.461970211245828266e-01,-2.491506674116863995e-01,1.102306078239187331e-01,-1.848435073228785475e-01,2.636462744796268520e-01,-2.282230925698312540e-01,1.440059777893633597e-01,9.609230088090772726e-02,-9.086860558489338879e-02,1.041105489034729187e-01
-1.168660314126967192e-01,-1.876371156955386199e-01,-3.243591680442620140e-01,-4.521670902752970150e-02,-1.765705976316941372e-01,-1.347479300676545921e-01,6.667862865023621577e-02,-2.787933371688303130e-02,-1.508718508571869066e-01,-1.871630651143116608e-01
-1.863353270292331804e-02,7.581544386562201476e-02,-1.072268528993694653e-01,-1.727856116939845699e-01,-1.327651267170175398e-01,4.060341952850200081e-02,2.746899084813176836e-02,9.604423184395750879e-02,-1.903953645529744554e-01,1.389676513821835602e-01
-1.903808506283207747e-01,2.700852401630648991e-01,1.170640815427411857e-01,-1.312187353259225975e-01,8.298065137061803181e-03,-1.739618181505646066e-01,6.405698807179274756e-02,-1.659772814197161828e-01,-5.728120404943250199e-02,-1.004315320215565105e-01
1.396729991440026908e-01,-4.597853089760767231e-03,-3.814036954644910854e-02,1.227655701849361403e-01,-1.253438896385394574e-01,1.252869067374550172e-01,2.574100436890232602e-01,2.257358547588154130e-01,3.282504975620287313e-02,1.867416983352645776e-01
-7.621360751525602106e-02,-3.087348672106748904e-02,5.132962356569675116e-02,1.970887017457348955e-01,9.969367295736526746e-02,4.587552886955570397e-02,2.943837276290836580e-01,2.022749184994379612e-01,2.097115660263445397e-02,1.630473319091722273e-01
1.401557913301067215e-01,3.476390467179028831e-02,-4.304266264881661391e-02,-3.929081855103281340e-01,-8.526191845411498771e-02,1.656247597770694330e-02,8.156966257907244389e-02,-1.606900100149950272e-01,-1.990389487773711052e-01,8.582788711853908334e-03
1.159475011282804814e-02,-8.671954245033680619e-02,-1.513508641488010287e-01,-1.297601870002059732e-01,-1.138355752987472574e-01,-3.467249181347102638e-03,1.744127516520733445e-01,1.646131675847057121e-02,1.312209067571351861e-01,1.501172855625222957e-01
-1.222736966014845161e-01,3.748671991831543232e-02,-9.044225024687761738e-02,1.346026026074240156e-01,-1.637560542006635811e-02,-2.135474394601923620e-01,-9.287298869266934209e-02,-9.426532695745719337e-02,2.461534948791150312e-01,-5.810010915995704461e-02
-9.471409695172122722e-02,4.378481171069038141e-02,1.437107613786122451e-01,2.206180623532759122e-01,-1.757736606199085047e-02,1.395618568562219663e-01,-6.534456550314139689e-02,9.547186158576716902e-03,-3.654213798218423903e-02,1.910380352795987280e-01
1.552537769335324003e-01,1.595757532690730562e-01,9.299999303744213575e-02,1.668827208408274754e-01,2.013566366918631834e-01,1.649567080274942088e-01,6.952005269766038317e-03,2.329561273615484915e-02,1.792841398850196499e-01,1.063350880247093816e-01
-1.718701193936492122e-02,-2.457417160819085067e-01,-2.748317523278947516e-01,1.842513124917125045e-02,2.218282173864848938e-01,7.236079374911691398e-02,-1.219369521085657965e-01,7.382829216870340217e-02,1.020524456756957549e-01,-9.290600835119525169e-02
2.058312494411256299e-01,-1.332154525454181671e-01,1.266080092387140699e-01,-6.892180808587472507e-02,2.755422224420256971e-01,-6.329132695952510712e-02,9.634241641409617418e-02,2.067048627278586237e-01,-1.440877949992990792e-01,-6.165128331648688648e-02
2.900946958560168820e-02,-2.924624037043297917e-02,-1.210912067346693044e-01,9.813063955900007407e-02,-7.158216977832539997e-03,2.174302185835644274e-01,7.189104251058216211e-02,-8.618478394631051698e-02,1.485854945157832896e-01,-1.418182772056426552e-02
-6.007550967093696487e-02,1.516773458994735979e-01,-4.967383426346751868e-02,-1.619296210740202024e-01,1.400351597369125511e-01,-1.363171730296136586e-01,1.803680321073250215e-01,1.453283382418711911e-01,1.806975710446679650e-01,-1.710882879977713433e-01
1.469404329336347625e-02,1.434135969299699387e-01,3.742233348203600346e-02,8.983857734775260728e-02,1.706567075056034666e-01,6.663940735710716101e-02,6.611339670682303896e-03,-8.041100259068426070e-02,8.596443680735327275e-02,-4.115344694596943104e-02
3.157414309945327097e-03,-1.638357065402147039e-01,1.746531560312706774e-02,2.089786975677642433e-01,-1.350711648794038766e-01,1.973349614829804921e-01,-1.863009062283502715e-01,6.393402845401344181e-02,-3.130947384064831640e-01,9.327435043679613291e-02
8.031769889629240822e-02,1.279684738096902308e-01,7.640141756286365771e-02,-2.714810302189009650e-01,-2.487654190020500977e-01,-6.643531310760124320e-02,-6.878835448432120414e-02,1.905543889243634381e-01,-1.523734783880087984e-01,1.966622347556406802e-01
9.366104341797822780e-03,2.299077250020169771e-01,-4.854440959365196456e-02,-3.542729897661910099e-02,2.399312697287338536e-01,1.979127876887920856e-01,-1.910710308831220505e-02,1.556720977842333542e-01,-4.210188503208949634e-02,2.428919269931709979e-01
-5.585952028967444694e-03,-1.022007914946020390e-01,6.082424014282291486e-02,2.776668026502338016e-01,1.329589017521717043e-01,5.905787218494711749e-02,-8.285721513058963428e-02,-2.133835551718810952e-01,1.487701487352151297e-01,3.399901172895817836e-01
-1.611274861587980445e-01,-1.102577424320691085e-01,-1.972128507704755118e-01,-2.860317011496253947e-01,-1.587102877420903668e-01,-6.961899667232994415e-02,-2.454834750083789152e-01,-1.592338555312389214e-01,-2.041471990484098054e-01,-2.577367278166519671e-01
9.231985088652315541e-02,6.924604758624262890e-02,1.984239432207444420e-01,1.463558026038327964e-03,5.763334993253911576e-02,1.513079748908634503e-01,1.470708448665823953e-01,5.664848276251395476e-02,3.009151525087084833e-01,1.617056999163594133e-01
2.168655529311168673e-01,1.553356348675958287e-01,1.587040665460991706e-01,1.468991453790283730e-01,-1.842724564372694440e-01,-3.648910000388193992e-02,-5.367624050274543562e-02,-1.364967122594394067e-01,3.048752682930317825e-03,2.481094755920536521e-01
-3.243486667295168713e-02,-2.675526299663689711e-01,4.227332619397113078e-02,-1.687718774459433524e-01,-1.491034347068214416e-01,-2.493960692281415870e-01,1.895082979741142745e-02,-1.680160461059380106e-01,-1.554211003630122656e-01,5.228942342940506166e-02
7.462211229462195616e-02,6.232127852229012860e-02,8.989066139804159639e-02,-4.128504121425808499e-03,-5.484175430682075580e-02,-6.878162569939000326e-02,7.688904505319794913e-02,6.912585238679555544e-02,1.396793773385734405e-01,1.993495750346034601e-01
8.249814888760211018e-02,1.057283966206987030e-01,-1.837271369287576672e-01,2.936106806593808544e-02,-2.445987416709728343e-02,1.100619519351437731e-01,-1.036195118503734081e-01,2.047945980701064775e-02,3.867195493653467764e-02,-1.934522596456171584e-02
-3.089990952460902954e-02,3.321611336828126509e-02,-2.526843022958906726e-01,1.577305223707497345e-02,1.272631712454254382e-01,-1.620587708374119917e-01,2.612366634628399478e-02,6.997006787384911497e-02,8.104681738649319178e-02,-2.935804115987374341e-01
-2.361967451302342813e-01,2.045722236714744291e-01,-6.017474792674842865e-02,-8.190935659722385978e-03,5.600365854045536579e-02,4.254003250998439171e-03,-9.261311525835595748e-02,-3.054334925956074254e-01,-1.311203010638815614e-01,1.629770589447479823e-01
-2.633784548566578398e-01,-8.445036860581221771e-02,1.511835441197517949e-01,-1.583165637818438332e-01,-4.104101556251853189e-02,-5.800762262837993316e-02,-1.021785526147517623e-02,1.479062232603136906e-01,9.705645032463983135e-02,2.512062528676761372e-02
1.189238669068022891e-01,-8.376333119943897565e-02,-9.597978132257857509e-02,8.829018442864837446e-02,-1.294156251442195038e-01,-1.311597326467532354e-01,1.380453036293322888e-01,-1.005808345217224301e-02,2.226791252524995268e-01,-1.325136462079959110e-01
1.995984509284948194e-01,1.803742186133071856e-01,2.628917758484455077e-03,1.990235120197580143e-01,2.682330529670509667e-02,2.743636647941362638e-01,1.561273363761864208e-01,-8.231740581596362627e-02,4.558650999454991887e-02,-4.280769061849924728e-02
-1.888573420421631732e-01,-2.775588910198783510e-01,-7.891948477890446678e-02,-1.670480554511964422e-01,1.337949732089872834e-01,2.357436402421583116e-02,6.169252774681259488e-02,-1.906012272279767328e-01,2.470598599843583099e-01,-2.204966991937485077e-01
-6.704564692065073661e-02,-4.363873228818197780e-02,-1.742150541479337567e-01,-1.851580986041846677e-01,1.298860194097525150e-02,4.181522116497184312e-03,-1.544335144585154418e-01,2.397490965606794561e-02,4.511723639293510613e-01,-8.358503763307641166e-02
4.665483264160297933e-02,-2.332088326809177159e-01,-1.420979829137433703e-01,-8.258002926498411722e-02,-2.035151279353833095e-02,1.196103165927587114e-01,2.814904002754405332e-01,3.321872528496397914e-01,1.403973003350974802e-01,-8.665895116347820115e-02
6.697650885308968627e-02,-6.353228861444234349e-03,-2.529978785535935693e-01,-1.666920554320483472e-01,2.145781617493116855e-01,-4.565825583445859426e-02,-1.279870312663979326e-01,6.751343847411232779e-02,-7.701935437946806629e-02,8.887913325359650396e-02
1.802003122423592174e-01,2.522689903483054177e-02,4.223760561657093071e-02,5.432868133789042070e-02,-1.275993294921893839e-01,8.731824677683670821e-02,-5.606890223774282749e-03,5.364698481320485934e-02,-2.820756130866564765e-02,-8.849420863294421569e-02
6.156867421287414571e-02,-9.624970381009873011e-02,1.082097792191123869e-01,1.967669388332410341e-01,1.477129325241431090e-01,-4.065028426559361835e-02,2.354429518375878161e-01,-4.485157308382244773e-02,-1.166930048142989472e-02,7.552730676523997100e-02
4.895920952109783508e-02,7.267672315236489711e-02,-7.652294614992602440e-02,-7.999585500415212769e-02,2.537668515127194588e-02,1.182091331081775165e-01,-4.113510192139968602e-02,-9.016675981049389332e-02,4.461940069554602706e-02,-9.192980898191631389e-02
2.166857584237175671e-01,-3.657747991248886388e-01,1.971472132820258072e-01,2.202076653202632572e-01,-1.529500844572372065e-01,9.192827369000335092e-02,1.713492456743084535e-01,2.065500450709585878e-01,-1.431695604464966812e-02,-2.376722524789559587e-01
5.532030714076769523e-02,1.035410634605505031e-01,-8.728465062381191020e-02,2.704804357428527428e-01,-1.102945452858349190e-01,-1.989456765264569216e-01,7.562135137549089170e-02,-1.712886397912809500e-01,-3.979903345755468613e-02,3.040372542146733692e-01
-2.281010703369084139e-02,-8.626768609488376371e-02,1.699957162977596692e-01,-2.365586270533060476e-01,3.276031142049232875e-02,1.391737706271671537e-01,1.010251911200933661e-01,-1.098593502676282890e-01,-1.350522589506806537e-01,7.666778983796034008e-02
-6.548740394379837237e-02,2.899599809454410371e-02,1.066740111327103696e-01,-4.953601405468773672e-02,8.208726721699027840e-02,-1.247661393051020806e-01,2.967970243718908580e-02,1.263573473815526593e-01,1.696925511254942232e-01,-3.498742073080255560e-02
1.257337464602872323e-01,-1.523247218498167965e-01,5.035125745286248011e-02,-1.180706981902785724e-01,3.598342170640281279e-02,6.985938028196039817e-02,6.706603282083234419e-02,-1.870630297638553874e-01,-7.587555996840068817e-02,-1.779778359647519320e-02
-7.902267012112615396e-02,-6.839783546953672778e-03,-2.261219661876573417e-01,8.271324101938158646e-02,-9.569698104291754492e-02,3.679592983897712194e-02,-1.690941284707940528e-02,2.767046976541060951e-02,-1.446888456157439662e-01,-3.915283314304043166e-02
1.230643067133202762e-01,1.010652923107706602e-01,-8.473624502819299131e-02,-6.950460241697738184e-02,9.208925324291825348e-04,1.988593256333041626e-01,6.438664848656729112e-02,4.169124023077723507e-02,-2.083140250878494637e-01,6.757741893238931874e-02
-2.419094853211493576e-02,-4.770090776413142553e-02,-1.459441174206219105e-01,-6.988088304254731764e-02,4.026767844164444443e-02,1.596285652941430988e-01,1.404921939000462472e-01,2.657499528907881214e-01,-2.443954146911552217e-01,-3.812973859512092667e-01
1.145349026233849141e-02,-1.264317691510308539e-01,-5.651691505749061040e-03,-1.032648104614604795e-01,2.644770054765739342e-01,-5.153133801592724161e-02,1.105654759096875855e-01,2.518697831025246692e-01,-1.996153544574426897e-01,-4.494897401444750834e-02
-3.047085204227614405e-02,2.566021160949547575e-01,-3.839560378609035984e-01,-1.439546596993530048e-01,9.010410686833103533e-02,1.679612543913039935e-01,9.179118481242205807e-02,-1.701622327354885070e-02,8.870061800750839165e-03,1.484743917689567046e-02
-2.133706440670789239e-01,-8.841617987153337077e-02,-1.479329845773459107e-01,-3.724276757259324666e-02,1.057183917350129759e-01,2.201887025226419159e-01,9.024556204816840121e-02,1.040393302601642644e-01,7.829815594771180609e-02,-6.783847067597396918e-02
-3.611914371578701932e-02,1.241226564608008398e-01,7.723960735325717530e-02,-1.254335990344029039e-01,-8.203704416612254968e-02,9.642381296579641270e-02,-8.933273834510967182e-02,1.487772956993683449e-01,1.059946036606767145e-01,2.321028084394143043e-01
-7.063196884509033435e-02,-1.253007095242243338e-02,1.794496768941051534e-01,-1.611387008939806076e-01,-2.474320594539200779e-01,-2.978173067826431208e-01,8.012972223608594291e-02,9.331561603145632766e-02,-1.294958351667499230e-01,-2.766251562038204645e-02
4.202370862666642004e-02,-1.206508285863505392e-01,-1.534980813908436714e-01,-2.237885458155545182e-01,-2.666933036483508726e-02,1.068566976166407251e-01,1.606941644871651975e-01,-1.720324692647254294e-01,5.895427794757263779e-02,1.250740822010069919e-01
